1 0 0 0 0 1 0 0 0 0 1 0
0.9965838826584367 -0.07623421618782908 -0.031763329606050085 1.0903569624156337 0.0763509679959603 0.9970779268769381 0.0024773818573558823 0.05893301224691644 0.03148165357021581 -0.0048940797924279635 0.9994923478803979 -0.22813799885040978
0.9728128760650457 -0.22552225141714272 -0.05267658187275431 2.2219146455080963 0.22512430785383408 0.9742372497495536 -0.01344720096369374 0.20718790837252757 0.05435213128651034 0.001222831210305926 0.9985210816544862 -0.41242445127165067
0.9069716645265996 -0.4208617814613203 -0.016666152857007233 3.0789963110113514 0.42024670779108325 0.9068772170321231 -0.031087261359395796 0.4453899836838834 0.028197594518063668 0.021191369311004397 0.9993777171470852 -0.5940835586017487
0.8066827667740124 -0.5905663876565083 0.022231859125297765 3.90363110293382 0.5908923574663482 0.8066508032378525 -0.012676889349863107 0.9982715814208004 -0.010446802270822307 0.023362863824242526 0.9996724668191298 -0.7342868290004163
0.7712188419517443 -0.6345064223923034 0.051216186518819394 4.633833181954305 0.6352421820966612 0.7723091808851815 0.0024288280162181285 1.5764963532324168 -0.04109583803358884 0.030661524152916727 0.9986846364258024 -0.8740347307209733
0.7677918634245653 -0.6379274953374386 0.05953289134197869 5.579981785972642 0.6387840201261524 0.7693642248510906 0.005802167763166114 2.20555637418758 -0.04950383914914983 0.0335738024623793 0.9982094818712715 -0.940376191475432
0.8192624489763212 -0.5731566723487006 0.017334031253147184 6.502604788559596 0.5730666367299776 0.8194443992290749 0.01027163273742158 2.998095756593084 -0.020091529665821728 0.0015183919997680158 0.9997969918545576 -1.072614031293095
0.7845415771493496 -0.6200437084375936 -0.00634927956287119 7.5945350991822735 0.6193779979464098 0.7841028704578339 -0.039415532467322496 3.7483911332004602 0.029417841251667572 0.026990519942041373 0.9992027334076653 -1.1752456840894692
0.6764206163705411 -0.7346917423123961 -0.051799551415751516 8.425180866240106 0.7291278392552932 0.6779139544459766 -0.0938363702959876 4.529810893044019 0.1040564451238101 0.025704360435425906 0.9942391775034825 -1.3261026917710976
0.7144906445321252 -0.6996259964499117 -0.00515596426835218 8.955976740976416 0.6987827159776941 0.7139564531988549 -0.0443722749760312 5.241028768765512 0.034725131056708054 0.02810067663205814 0.9990017603817898 -1.4284380297369281
0.7814255804111518 -0.6216675613524489 0.05388418544613667 9.7464732370996 0.6213807476470843 0.7831421901590606 0.02396406573226303 5.736121528293648 -0.05709666130909019 0.014756461465029912 0.998259594550629 -1.5779767101425288
0.8245300897270902 -0.5652450401558639 0.025459295234403947 10.587469072011569 0.5650971060287003 0.8249161745679379 0.013362847532895693 6.450953981198482 -0.028555067722288545 0.00336890418318404 0.9995865438229848 -1.6208303885478892
0.8875416014836182 -0.460725073679483 0.0015205653321146836 11.622486575550766 0.4606766315471308 0.887389534375567 -0.017800433340325997 6.942655957658928 0.006851772200195542 0.016499114029221263 0.999840403491461 -1.7982103547976935
0.9286132026617259 -0.36999316774065705 0.02797455392971216 12.587674831859552 0.36991876371785026 0.92902983001543 0.007980174870163404 7.424774627408851 -0.028941805261414114 0.002937816661254389 0.9995767810135824 -1.903589263885953
0.9978926776895917 0.06011498378526805 -0.02442114939952031 14.578489929003092 -0.059538616140606244 0.9979450837518988 0.023680435035642267 7.763109021926039 0.025794514951017658 -0.022176531286761045 0.9994212547562359 -2.0889632807099905
0.9375027418694776 0.34574620619221264 0.03934679009657243 15.017948013230924 -0.3471102353901424 0.9371476065518636 0.035620893047667364 7.787120826998158 -0.02455796153209187 -0.04705235847229534 0.9985904976954182 -2.1760439698125014
0.8785331792182051 0.453858640254178 0.14896908296482836 15.767861492963016 -0.45290042676841846 0.8905577539197694 -0.04228581755576898 7.362761587222516 -0.1518573555865429 -0.030318667516959975 0.9879373066922102 -2.2248950885488408
0.7745285461658993 0.6306988462373811 0.04821303277097001 16.803730137738917 -0.6320935188064306 0.774591531637532 0.021581070370276453 6.828614077261204 -0.023734250715855096 -0.04719030059512637 0.998603905896977 -2.3856386255423887
0.5583096706550916 0.8294993678276056 -0.01486978233216757 17.308675904768652 -0.8228679799399087 0.5559525339760776 0.11749496821222774 5.89989363414942 0.10572889502220877 -0.05336270925638248 0.9929621453097804 -2.525879030130991
-0.26189934271565685 0.9626583743238121 0.06853895701965516 17.65376138492847 -0.9631747697503502 -0.2562402713243055 -0.08145726651444962 4.473002017420638 -0.06085307881666021 -0.08734859870588396 0.9943174166747014 -2.4940811832867036
-0.5503595825654164 0.833570956805694 0.047579300630220256 16.80997204846966 -0.8345189367066524 -0.5474131497470727 -0.0625858431435404 2.8861904312085644 -0.026124206330900315 -0.07415054587816106 0.9969048211286529 -2.37662530623823
-0.6292631063793279 0.7741571069512208 0.06862008967318166 16.16233395067502 -0.7765591342484675 -0.6298582620867454 -0.015312762531176603 1.9236069171837262 0.031366446485220065 -0.06292331394627529 0.9975253393257277 -2.3640263083382385
-0.5954572533102247 0.7989739114207263 0.08409130959444197 15.397570018165544 -0.8015770247787143 -0.5978743424013448 0.004532553922873932 1.0604535095671128 0.05389742876192885 -0.06470671964506355 0.9964477445433995 -2.3746129114362025
-0.5404788130280143 0.8401135607396119 0.04573683121117996 14.173036860391456 -0.8412580664389985 -0.5387795298878257 -0.04473794614386861 -0.5263176590198473 -0.012942886816584079 -0.06265639021891341 0.9979512304945509 -2.2542381192848104
-0.6098785547939234 0.7905441671752019 0.05557038912713781 13.544341446055748 -0.792493761215204 -0.6084947519889876 -0.041082541752420765 -1.5220097690892809 0.0013367263947413228 -0.06909454788278532 0.9976092203941477 -2.1683547755812818
-0.6143078123292314 0.7868248627488048 0.0594352342604843 12.76492181776831 -0.7884156289465067 -0.6151161151195073 -0.0057411630502525145 -2.3987626949802423 0.032042280570493485 -0.050386508914688724 0.9982156540423677 -2.1617962963947126
-0.4793235661021493 0.8754056817571321 0.06256046136698 12.271537943497854 -0.8776212963485044 -0.4785382224309185 -0.027964796945943036 -3.239239011993377 0.005457029841349718 -0.06830857940250142 0.9976493165463116 -2.122602055835398
-0.498567681755989 0.8646076760975357 0.06232040710455897 11.715484716361505 -0.8668457428850339 -0.4970297073615735 -0.039241916902245516 -4.227927041444443 -0.0029537688726300505 -0.07358693113106286 0.9972844322539881 -1.9914101690654216
-0.5537094957787834 0.8304710229956166 0.06102191613691023 11.13165317689382 -0.8327031294458597 -0.5525119823932241 -0.036551436674667474 -5.188200152432949 0.00336043084706672 -0.07105201810310818 0.997466950945242 -1.9925437869542522
-0.48790549671303163 0.8688754462978151 0.08368802242844092 10.445373051419928 -0.8723405840152435 -0.4887696787086566 -0.011229721945852658 -6.13558075135184 0.031146938166608802 -0.07848350142424741 0.9964287271285567 -2.0240408017102314
-0.5052361312122049 0.8607059639451302 0.06262344087487018 9.883834183731253 -0.8629646182638595 -0.5043435292585559 -0.030490525081346257 -7.006190536053488 0.005340350403813213 -0.06944672867967978 0.9975713671378381 -1.9914495937914993
-0.49537261592214565 0.8624183249633673 0.10411822204508857 9.355110636644861 -0.8653854285956687 -0.5003657986597934 0.027242017286509223 -8.028696059583455 0.0755912122454828 -0.07660744284289357 0.9941917663772574 -2.0401668874269143
-0.4379581322311865 0.8989087908845449 0.012476381007978668 9.048614450710705 -0.896807771896268 -0.4358827583634781 -0.0757762576794141 -8.664382017438887 -0.06267770480020637 -0.04437574373383957 0.9970467886157834 -1.9046398003633864
-0.5281651483229357 0.8482205250815238 0.03954133188747108 8.447642707347352 -0.8477110998704316 -0.5240014591704565 -0.08251279866599696 -9.717173332976936 -0.04926933380383984 -0.07710001049063671 0.9958052626537327 -1.79747302811115
-0.631436336741676 0.7726168611893639 0.06596467576020393 7.809549501787095 -0.7749832622012433 -0.6316666590507478 -0.01995432663825681 -10.695638647414091 0.026250637138416553 -0.06372140652529781 0.9976224167490749 -1.8219602269937718
-0.5870032452575109 0.8052907489427306 0.08327064143146096 7.016788703424349 -0.8083631498317214 -0.5886568673340691 -0.0056666157958963626 -11.691878181392736 0.044454561647694256 -0.07063923985786226 0.99651085781391 -1.7857991288685344
-0.5794344282511141 0.8119274337668411 0.07091957172809672 6.30801786467346 -0.8147478088514252 -0.5792886019819514 -0.024712822291234292 -12.505823385273615 0.02101788117547002 -0.07210102572494101 0.9971758574896934 -1.7063268711045592
-0.5593805617647221 0.8272144858066659 0.053005486427324715 5.68670556764671 -0.8288160213938525 -0.5572039562422593 -0.05086996981362799 -13.265498515755242 -0.012545509182530189 -0.0723874686640428 0.997297681025963 -1.6562398049158955
-0.5811274986179993 0.8127205057582889 0.04214510493495726 5.056274384936353 -0.8136255576632034 -0.5791043395745199 -0.051493842381401984 -14.20054027445239 -0.01744368846399337 -0.06421482232281248 0.9977836310176775 -1.6727889064796722
-0.5173351364097512 0.8543971516068032 0.04868124856745491 4.420708661320917 -0.8557396219899043 -0.5158992946225229 -0.03946665889785549 -15.234850489813134 -0.008605579148471338 -0.06207596261166961 0.9980343275024933 -1.640218886447743
-0.5396137752983285 0.8394569150734864 0.06425777185361023 3.8385550959746224 -0.8417335199171744 -0.5394997921038569 -0.020607177578193445 -16.166340873128593 0.017368216837917998 -0.06520783737558611 0.9977205435334436 -1.6177052136707744
-0.5019671994931081 0.8629841218088563 0.05733529575090288 3.1995043132788017 -0.8646659975171338 -0.5022325918951736 -0.010730161972499694 -17.029703860973672 0.019535694785347855 -0.054962070048837436 0.9982973141730876 -1.5876310835956715
-0.48042110377525904 0.876314740582631 0.035609528008080274 2.6176984623189483 -0.876955509618963 -0.4794231415431329 -0.033203697111293624 -18.00664360193294 -0.012024857433965504 -0.04717972859724382 0.9988140347498042 -1.5365679436364634
-0.5152598271948916 0.8556933164116899 0.04791929389561144 2.1825577510489027 -0.857011600446837 -0.5140359010149051 -0.036030669815386863 -18.99016751144969 -0.006198965933234282 -0.05963254745655274 0.9982011481185546 -1.5389042459340116
-0.5613673262993797 0.8264324476515706 0.04331436750225028 1.701007083492017 -0.8273604976204031 -0.5592897123313807 -0.0516684106355219 -20.04681978844234 -0.018475170927631547 -0.06484155418337616 0.9977245315768672 -1.503926376703972
-0.41840364283495646 0.9078023193001487 0.028867641672106283 1.0113052102624704 -0.9080960134418775 -0.41751007285486375 -0.03235690707864077 -20.827012461670193 -0.017321144113700292 -0.03975283811248382 0.9990594025525185 -1.5007666173077114
-0.39913800167279234 0.9136865681886114 0.07658792811121551 0.6662030573801818 -0.9168872712590427 -0.397507739118546 -0.03612933910286244 -22.050128914066313 -0.002566597708554004 -0.08464308862855126 0.9964080289337404 -1.4997771842190075
-0.37807524380531143 0.9241643704469849 0.054583206372319185 0.23535903059674174 -0.9256518033663563 -0.3764060353432206 -0.03856469216538802 -23.009431273751712 -0.015094666149582117 -0.06510539880476109 0.997764219693363 -1.488810129309292
-0.5228058547287333 0.8469780546461767 0.09644798188213574 -0.35521691554958507 -0.852451750080663 -0.5194185387889276 -0.0594171300787094 -23.889327379284758 -0.00022813542836420952 -0.11328087442350267 0.9935629780965437 -1.4384110526770741
-0.5285467672454442 0.8467781080906035 0.0600429054334354 -0.9888668948436202 -0.848900625277461 -0.5270159904346201 -0.040272499671019334 -24.82150932626374 -0.002458299803931023 -0.07225635947592926 0.9973830634602531 -1.3947570007897863
-0.5923829356190109 0.8008438519710686 0.087929416849791 -1.6348104169732427 -0.805653485871934 -0.5885416052861081 -0.06738871975080667 -25.56965409837453 -0.0022177217599874746 -0.11076056882931014 0.993844644852908 -1.3662473335108007
-0.5524071879002879 0.8309429413589559 0.06618252761736351 -2.336009630139146 -0.8335719690706641 -0.5508538897406214 -0.04144592304778902 -26.478039904707266 0.0020177055662240484 -0.07806292566484016 0.996946391989506 -1.3179776132362715
-0.5368320771644661 0.8390135933957071 0.08869899111324735 -2.9018321306871853 -0.8436789576135707 -0.5333348039392984 -0.061317235644709984 -27.435600941128257 -0.00413973518036212 -0.1077505313409326 0.9941693445225432 -1.2591572171226606
-0.5216301894779403 0.8501127626614343 0.07218196579030518 -3.494100570501192 -0.8531306511685045 -0.5189050563343489 -0.05390393814416781 -28.390769514768348 -0.008368838749327215 -0.08969856894505518 0.9959337976327528 -1.1996446781994639
-0.5517875323282027 0.8317115296683391 0.061534141611824966 -4.064547927207515 -0.8339782771728343 -0.5499891674904773 -0.044633494675662085 -29.511338186694914 -0.003279080813809815 -0.07594634329500657 0.9971065141543974 -1.1920034209251311
-0.5917637372314453 0.8030378900515046 0.07032656993982195 -4.798448140537853 -0.806083290560737 -0.5902161272701121 -0.04329724920875871 -30.496034968073996 0.006738544104436611 -0.08231081491455777 0.9965839261053 -1.1577608761706237
-0.5160644952715734 0.8551155583790289 0.04954612536029397 -5.421117245135039 -0.8565416548668803 -0.5154467049797042 -0.025516422231023256 -31.418463464204255 0.0037188974175583756 -0.05560643976813748 0.9984458391211364 -1.1859217316084203
-0.4509094314740396 0.8918577799432829 0.03564246010584829 -6.463301641446665 -0.8922497388119036 -0.44931912379082184 -0.04475185567032552 -33.045105750793816 -0.023897451701969653 -0.05198100951777159 0.9983621018706916 -1.135328143017753
-0.5378479057209651 0.8409099570020686 0.059917230629853276 -6.926849614189458 -0.8430351490329782 -0.5361992293117857 -0.042215210296663766 -34.10704657291185 -0.003371617789176974 -0.0732176939013124 0.9973102834590934 -1.1586968222124645
-0.5618097627024012 0.8264485616892029 0.036777240436440095 -7.546126464076436 -0.8271883854477818 -0.5605906027529406 -0.038698205195936954 -35.04776532071273 -0.011365100640281964 -0.05216273561598191 0.9985739249051586 -1.0374287409348326
-0.42805274888848466 0.9024952766250546 0.04767724654883451 -8.143673293540893 -0.9037231021015403 -0.42700771782877855 -0.03080525349071598 -36.001453016019276 -0.007443043529430812 -0.05627330258768024 0.998387658436789 -0.9766911415463034
-0.5362104233951641 0.8407992909989647 0.07439713770043455 -8.625233986209402 -0.8436006649021607 -0.5368008904518151 -0.013517477086011045 -36.94572269868099 0.02857096461464673 -0.0700096869424286 0.9971370736840606 -1.0037727944100163
-0.5702463807792897 0.820499810340519 0.0399890790003264 -9.297651351104186 -0.8214736098278603 -0.5695949350205265 -0.0272528595811035 -37.90406174356022 0.00041661073718938374 -0.048390817622100055 0.9988283912691701 -0.9746501469397736
-0.5486293730880372 0.8347573032804221 0.046755273553095715 -9.928221065865694 -0.8358400911345558 -0.5463240205366455 -0.05386470678331547 -38.68810850674106 -0.019420428347613143 -0.06863169242174191 0.9974530253390996 -0.9370137906962653
-0.533257908496553 0.8445151920170199 0.04929597831809414 -10.579441786059977 -0.8459498846926033 -0.5325008084953771 -0.028490025277993943 -39.6691040207308 0.002189889141740911 -0.05689445846675779 0.998377796718918 -0.9253821618660768
-0.6560193795777971 0.748235775766376 0.0989029700345311 -11.209052964689988 -0.7516578860711025 -0.6595413915131214 0.003946541277739635 -40.66575425696096 0.06818354585589873 -0.07175218982180834 0.9950892559616408 -0.9326358426704132
-0.554315479034788 0.8299402246143451 0.0627182052479558 -11.835647195682778 -0.8317498107878084 -0.5551256135639127 -0.005273084461216809 -41.51271934898047 0.030440137267746154 -0.055088807687048436 0.9980173451953328 -0.8272968148450043
-0.5034741966732275 0.8629723195013573 0.04233803324076187 -12.331578001524953 -0.8625412079241134 -0.4991580678953489 -0.08284858410253072 -42.23319974399727 -0.050362663919416455 -0.07823042265915396 0.9956623941143454 -0.8218234509772389
-0.6547307257496777 0.7536229241619523 0.05813918589805679 -12.928888230145857 -0.7556618416638834 -0.6543889433162213 -0.027391457037324915 -42.939238083214306 0.01740281047556944 -0.06186759283395332 0.997932634572336 -0.8310116178038015
-0.6726045814372561 0.7387382933427602 0.04322974645588064 -13.64116506115066 -0.7399958031547988 -0.6712096088729904 -0.043403597429840624 -43.76253214007938 -0.0030476782799264968 -0.06118328943096682 0.998121894736063 -0.7620516728645581
-0.6129375751242578 0.788780834223076 0.04617709998628293 -14.27085109184295 -0.790105757549296 -0.6113998734188939 -0.0438530121065096 -44.62601096886942 -0.0063577423861023025 -0.06336395146855037 0.997970234408844 -0.7108120796575275
-0.5986514537872141 0.7983819709273052 0.06482796755017677 -14.97033539952414 -0.8008721196283719 -0.598084787568745 -0.029973903329533532 -45.5078717594552 0.014841997184143457 -0.06986283258701204 0.9974461888956743 -0.6987590401920805
-0.6019682029830669 0.7967254062537532 0.05350616438439201 -15.596380401075104 -0.7985011909752511 -0.6010617183845832 -0.033476240883321684 -46.349697581959546 0.005489135491437674 -0.062876368552616 0.9980062282717439 -0.6656012211083316
-0.6474699386878648 0.760268190247536 0.052677864357518006 -16.339401544162527 -0.7620774547443162 -0.6463218037737641 -0.03880823285145245 -47.244985202027 0.004542187353821989 -0.06527177693585796 0.997857186008939 -0.6119182229580147
-0.5961615584725375 0.801035468624373 0.054162479682217504 -17.102880811787468 -0.8028453519861087 -0.5952550948472335 -0.03332735892195196 -48.02245238158545 0.0055440954083412625 -0.06335258529959487 0.9979758077939368 -0.5867827599987491
-0.5559413643607987 0.828587576704598 0.06611979373421786 -17.752758587336466 -0.831182384380382 -0.5549254293233532 -0.03454868718251046 -49.008782858893014 0.008064941933850853 -0.07416465209986554 0.9972133979698174 -0.5624938406136163
-0.5728775696719819 0.8174397257315633 0.06002986725480772 -18.40956113372947 -0.8196171410160891 -0.5718807075765535 -0.03435401656797566 -49.90941672220943 0.006247585080302407 -0.06888215369489376 0.9976052408558295 -0.5556857777083416
-0.49275791229374133 0.868396718269195 0.05546872606438928 -19.048348685497874 -0.8701431519944107 -0.49127618961086283 -0.03871176253626139 -50.84636593020788 -0.006366703161423851 -0.06734125942336143 0.9977096871686322 -0.5562349159210797
-0.5589273839797702 0.826968355437915 0.06102064029360294 -19.603919507305836 -0.8292133534575072 -0.5572036744477862 -0.043923565766465056 -51.80504439623705 -0.00232247395811052 -0.07514921347689647 0.9971695953189296 -0.5037030339537171
-0.5127619852823004 0.8568176679832956 0.054209134664011796 -20.273271989513265 -0.8584595962060763 -0.5125095954387038 -0.019520150228844384 -52.72114757427779 0.011057492077972863 -0.05654554283869938 0.9983387869125502 -0.39404024763836143
-0.5903326642737099 0.8016458756486791 0.09418723664577126 -20.88948834371419 -0.8044202273852004 -0.5939160112376651 0.013109895845695482 -53.74720824162294 0.06644880183304001 -0.06802691857643473 0.9954681788404632 -0.3369771447337608
-0.631214895887668 0.774572120530665 0.040072251074156684 -22.080569841927307 -0.7751423786593232 -0.6282034916804238 -0.06719126317379967 -55.25851065644647 -0.026870951153384157 -0.07347382620466625 0.9969350775486631 -0.33945727450114965
-0.5500028183722401 0.8339344298130955 0.04527986920145213 -22.81347360266592 -0.8348113345947197 -0.5473900041868127 -0.0587726037243942 -56.069462757745264 -0.024226749983772486 -0.07012524572983019 0.9972439593682956 -0.28226369776609406
-0.5914901784196251 0.8043091413699581 0.05679941849914272 -23.50515466330682 -0.8062828250480167 -0.5906006137127848 -0.03314997910513714 -56.99285213913826 0.006882940193638085 -0.06540428266407777 0.9978351090954297 -0.2680254892183689
-0.6646060182061224 0.7440129890303578 0.06887316399234306 -24.288993980511105 -0.7467031899538096 -0.6646822837524908 -0.025135786806431328 -57.97369868780831 0.027077420058207596 -0.06813320643919471 0.9973087182529317 -0.23642599442965234
-0.6502939650217727 0.7573195587641758 0.05987357488488011 -25.03720157415779 -0.7588320849197266 -0.6512738250205217 -0.004033824428450693 -58.76124691624312 0.03593919799664208 -0.048057161343269844 0.9981978177149984 -0.19228668373043348
-0.53322426326941 0.844768613437613 0.045142826799926164 -26.225195029653623 -0.8457609100384754 -0.5311330453159115 -0.05085441204395183 -60.4157065533595 -0.018983364077140713 -0.06529684467215004 0.9976852980595513 -0.11144212332195998
-0.5439484610998739 0.8352172414945609 0.0808222195766482 -26.801272993386096 -0.8378608177707498 -0.5458796234656549 0.002164885568711611 -61.46838404013934 0.045927352543009885 -0.06654018481497956 0.9967261821047837 -0.05185710752599481
-0.4371914034616735 0.8982436858312791 0.04496618288726348 -27.40454982163181 -0.8988126565400291 -0.4346172556581618 -0.056953046693079726 -62.32088389243735 -0.03161463557702743 -0.06531555671053182 0.9973637214521717 -0.07128596544465812
-0.39574830746904066 0.9164904433476082 0.058553773472719645 -27.888986760318392 -0.918045889335134 -0.39314358618597534 -0.05128221636877764 -63.28262716540949 -0.023979620727882765 -0.07404990137289574 0.9969661929556144 -0.038513128683968806
-0.439973790354677 0.8957074804151575 0.06427420422898825 -28.34566847189865 -0.8978732470440991 -0.44003011430114003 -0.014040325872735217 -64.26057815963645 0.015706560521821088 -0.06388746384429939 0.9978335011013199 0.004711340331917072
-0.26825779199946576 0.9606546999966689 0.07197433157648167 -28.78146752461019 -0.9633383049136529 -0.26718517568021527 -0.0243185563474143 -65.29676857584575 -0.004131261025549039 -0.07585927280855302 0.9971099755850887 -0.012714745438437687
-0.06953667597599034 0.996441763672484 0.0476283770821507 -28.936696109865963 -0.9961615423114167 -0.06681404966984039 -0.05655143133870032 -66.17873376103296 -0.05316796322927722 -0.05137795612892264 0.9972629910460253 -0.01871377312326361
0.1271649638798379 0.990142452977589 0.05871111285747381 -28.940926494979337 -0.9904699729101661 0.1299181463827046 -0.04572207348554035 -67.34072208109065 -0.052899004950703266 -0.052337348538167745 0.9972274049700097 0.0100884969035825
0.2512518428019831 0.967519739692631 0.02789381282132193 -28.723389861900927 -0.9667784279479607 0.2522511223048428 -0.04133814885087295 -68.34320660795936 -0.0470317206051115 -0.016580850432067785 0.9987557722766223 -0.021858528718338387
0.39570732469590864 0.9165944727649261 0.05718641166215796 -28.378944386530844 -0.918154174832588 0.39621434076471407 0.0026659725941157904 -69.36715242915572 -0.020214460653112165 -0.0535608874942355 0.9983599585877498 0.011282830501716294
0.5706359187081855 0.819440990447536 0.053769056662975406 -27.682537877056113 -0.8207916358015056 0.5711986897072349 0.005757384391091802 -70.34093911684936 -0.025994977944862163 -0.04741856230527426 0.9985368000582386 -0.0033256973881394206
0.7420894804101681 0.6628445298752973 0.09970121503253164 -26.615395108759035 -0.6634277605355193 0.7475557408178239 -0.03200032689114288 -71.7285618892659 -0.09574345729809679 -0.042397447856098974 0.9945027133195248 -0.06392824612551168
0.7465703814564221 0.6575556772287937 0.1012580706718971 -25.749684506264284 -0.6601902035788211 0.7510373179033967 -0.009583434406682863 -72.45064361511068 -0.08235023151495827 -0.059694878010218576 0.9948140333292338 -0.0843089452537735
0.7843618159334178 0.6146559042533768 0.08351443630950885 -24.66092842547495 -0.618085182062502 0.785817163232106 0.021496364450984164 -73.33796270155487 -0.052414210099886824 -0.06847996302795051 0.9962746836306218 -0.16417872334034997
0.87611537042696 0.476411033689979 0.07385380613127845 -23.781465222452386 -0.47767722796301576 0.878535212072492 -0.00058909618121104 -73.92172482614218 -0.065163821152537 -0.034762165168288256 0.9972689047020431 -0.2429482055164717
0.8895956412190168 0.444548471139572 0.1048630150796528 -22.76345584949306 -0.44782374110733997 0.8940787474995143 0.008780100815250522 -74.54248802522395 -0.08985261278756772 -0.05477088713147592 0.9944479161313973 -0.4051216982574563
0.8910142976195876 0.44372911510895346 0.09590617207509698 -21.91276663308069 -0.4449589171233144 0.895502285225249 -0.009339123556530004 -75.00798480714896 -0.09002823729208755 -0.03435301385587329 0.9953465662416773 -0.43828113431627447
0.8491095595701041 0.5212032019442632 0.08579148051940527 -20.850609213707283 -0.523248357750216 0.8521787429964381 0.0015956493075592673 -75.53227410957493 -0.07227801850055016 -0.046245132371508436 0.9963118366122004 -0.4655621750938157
0.796726946804471 0.5982733094967864 0.08541205640533521 -19.88506410067723 -0.6004482971674879 0.7996635313770283 -0.00028109479663831344 -76.19667689736461 -0.0684690781615314 -0.05106156802706868 0.9963456737530039 -0.4983679399550997
0.8330714424015673 0.5471731803958984 0.08120026176318589 -18.973163149798317 -0.5487924994940501 0.8359538835845676 -0.002810163509894787 -76.9174297028125 -0.06941732027416035 -0.04222102764401761 0.9966938449045614 -0.5834298668529653
0.9095071338950291 0.4057322672439509 0.09043285194625221 -17.868598178353515 -0.4083718249678288 0.9127359986120652 0.012060240879893953 -77.51269736525903 -0.077648090552792 -0.04789910390309249 0.9958295285232238 -0.6397945373660865
0.9906487010221424 -0.07934544194758396 0.11099302683179875 -16.008631090207253 0.0765072682040706 0.9966293511180407 0.02960699920599066 -77.9146725899093 -0.11296808874674395 -0.020838362031976223 0.993380075093482 -0.7926765917189192
0.987662764249264 -0.105469575728519 0.11575159917318195 -15.10093427374158 0.10609360494120906 0.9943558457567617 0.0007739508600688831 -77.820858351994 -0.11517990756239321 0.011516101988144019 0.9932778907681965 -0.8331758671851561
0.9572861596046183 -0.275397575818101 0.08808736494500563 -14.021480767152221 0.27685527073702965 0.9609009028476575 -0.004540261191013613 -77.63895992968231 -0.08339285157954085 0.028733780469508377 0.9961024054610865 -0.8955135418182142
0.907484795482199 -0.41035248944308844 0.0899009475839462 -13.079298590835606 0.4106525016488892 0.91165168756223 0.015991355616310276 -77.21652713622164 -0.08852044316507077 0.022406136945002725 0.9958223215860655 -0.9045421411431834
0.7990966035719513 -0.5981194867979879 0.060808697340787046 -12.014538894615454 0.6001129003932765 0.7996447232093784 -0.020804408786748937 -76.72060914857713 -0.03618183164713071 0.05311681613113016 0.9979326023849258 -0.9634232471646356
0.6804073890338657 -0.7279127874650294 0.0847865484201864 -11.277272954709352 0.730306376183259 0.6831081679512262 0.003978414809381811 -75.90690822140628 -0.06081432277181073 0.059213214092887614 0.9963911949744417 -0.9990206696283612
0.6334695280437126 -0.7683234733322749 0.09162640103542852 -10.56685102887904 0.7706152964528871 0.6371279738026248 0.014832729721489454 -75.19674525509532 -0.06977407765714294 0.061212623900556 0.9956829780418585 -1.067520533067256
0.6193001165874965 -0.7816905035424434 0.07367036219725427 -9.851786541106083 0.7831453490065275 0.6216982441795081 0.013215729777840968 -74.34460751123353 -0.05613134529082277 0.049510098522200216 0.9971950773144462 -1.0581559296966991
0.6452336782713224 -0.7608826286687752 0.06878317973570677 -9.124101722789534 0.762949564083519 0.6464285537313665 -0.006171514039700562 -73.44706120682004 -0.03976761357220396 0.056460165699974904 0.9976125433252647 -1.1252387746062882
0.6035783520132394 -0.7939969651366474 0.07253959149854364 -8.34822620621694 0.795710016058486 0.6056232262228485 0.008128850080572396 -72.67111840678027 -0.05038594372626078 0.052814081580787604 0.9973324067037991 -1.1224448009177337
0.5091783231832566 -0.8575704419072281 0.07287230178420677 -7.780070966573013 0.8588390733232734 0.5117822804478804 0.02177942957903658 -71.70848765221 -0.05597214783718924 0.05149596670234039 0.9971034470303888 -1.1216497033552022
0.571698876845228 -0.8170915003072645 0.07430931529443963 -7.203267815076361 0.8189169685215543 0.5738344090272006 0.009437673647207712 -70.79741975986468 -0.05035268494700797 0.055457651789694404 0.9971905815723494 -1.1846420157524176
0.5661367093028696 -0.820933478934466 0.07454830342987567 -6.602951649421935 0.82257511979337 0.5684958945257685 0.013512594283460674 -69.78257479389424 -0.05347334547829694 0.053671603962439265 0.9971258497559161 -1.1932747109848405
0.47100310264512624 -0.8792858163548187 0.07079922637928338 -5.955164269030056 0.8806350855469756 0.47336018331173857 0.020297363344743545 -68.99229898002413 -0.05136071847566005 0.05278816166829022 0.9972840551143624 -1.2195049222472452
0.49514073225889943 -0.8658412375800818 0.07179558874968103 -5.420009641954346 0.867408863523485 0.49734577273644565 0.0157811856995625 -68.04044178042574 -0.04937123392236846 0.05446222220016527 0.9972945139796983 -1.219660405346613
0.4662840424683333 -0.8820400580242147 0.06770914103745236 -4.813941400742747 0.8835937772828497 0.4680815492048829 0.012716133098655664 -67.03715572239848 -0.042909538408324496 0.0538980457400532 0.9976240635524926 -1.2787985964529551
0.554492886253807 -0.8302683490260564 0.05649874068923586 -4.3468634053405175 0.8313068635500004 0.5557516626394641 0.008305906821806704 -66.0527731887503 -0.03829540061918448 0.042362224670314655 0.9983681205909962 -1.3268094714072032
0.6454554058679498 -0.7591489782221857 0.08414361473131154 -3.58001399763679 0.7601091630889435 0.6492424396132879 0.026801395359423837 -65.21311039927456 -0.07497585760807274 0.04665922705315142 0.9960931368635849 -1.3910649885139381
0.624444035108823 -0.7781521003749051 0.06744594649891676 -2.875746980317656 0.7788509271789389 0.6268483419054565 0.021269449520081595 -64.49784360158084 -0.05882924654895961 0.03924875708227925 0.9974961928839517 -1.3943195634841132
0.5708246575639454 -0.8172023617708215 0.07962104139733454 -2.1869104793601104 0.8183124597318936 0.5741686934150131 0.026363416880875012 -63.70932123618687 -0.06726015584685004 0.05010600181902673 0.9964765225619564 -1.4115177636089276
0.6319906646246061 -0.7713119394988331 0.07527078991147215 -1.578750786732359 0.7707148370931757 0.6357153717871684 0.04318108333450863 -62.735179640951706 -0.08115688332968596 0.0307222730287083 0.9962277361267158 -1.415636348853343
0.574692833118887 -0.8154518310156604 0.06903954558797416 -0.9368476716013153 0.8153573501181646 0.5777677517264108 0.0371054803673722 -61.762607100201116 -0.07014655494086618 0.03496764730741046 0.9969236302103148 -1.4688051888564244
0.4941485696586141 -0.867235195576461 0.060994316602476506 -0.278125179611524 0.8687058960467016 0.4953072546356464 0.004559570045107677 -60.80619624307947 -0.0341651471245636 0.050733017441862344 0.9981276990762257 -1.4652854688011445
0.5255341590664362 -0.8488168282459924 0.05765275137187515 0.3643593627345553 0.8498815637096883 0.5268774826180391 0.010072039339331616 -59.87133257774551 -0.038925252994797606 0.04370480976381542 0.9982858880515139 -1.5212103494386882
0.5440059106690283 -0.8360585587612971 0.07115936677025675 0.9643342128962932 0.8375219110664952 0.546206753534388 0.014670749024851326 -58.836577084409896 -0.05113333199281065 0.051616554664246084 0.9973570642673094 -1.57206275635078
0.49313891486245964 -0.8679414661805382 0.05908994781393361 1.575694346204203 0.8675581184240633 0.4956809440390124 0.0405377956121515 -58.058788958238395 -0.06447419487496435 0.031273199404139765 0.9974292281632086 -1.594491928154816
0.5180826754945105 -0.8528371264157723 0.06526237169562475 2.233127054336335 0.8537690374796151 0.520237726217185 0.020763883584361667 -56.98500632839366 -0.05166015866779122 0.04496158390516779 0.9976520856386545 -1.6383917229753755
0.5376117467248364 -0.8404001371249933 0.06856543811398613 2.756353730423168 0.8412453113448394 0.5401170702708236 0.024080625871988635 -56.09243998354411 -0.05727072484083656 0.04473432599642848 0.9973559565941592 -1.6546063126894857
0.5852884918580386 -0.8090722264044018 0.053287088113042426 3.4094901488771296 0.8086464526312515 0.5872684041943794 0.03473810705666198 -55.166092021519106 -0.05939946081771968 0.02275860048446391 0.9979748244111937 -1.6834459969591642
0.5999735473304049 -0.7969145318531856 0.07041996467613908 4.0846898227915815 0.7974854964779352 0.6027522857852368 0.026581288306126057 -54.26155973636054 -0.06362880959998947 0.040210830654070766 0.9971632081494974 -1.7202703284815684
0.47947284957556746 -0.8769134663904132 0.033594031955616895 4.656121849633528 0.8771140568854878 0.48009546565392025 0.013389364153187457 -53.03341365968875 -0.027869656147259725 0.023045961071198107 0.9993458690286053 -1.7395876066564049
0.40328318148785025 -0.9140945196598627 0.042354275543829464 5.5306584332142235 0.9136610321964853 0.40480064498932455 0.03687758210457751 -51.40298259047767 -0.05085463375829867 0.023825342474596153 0.9984218343372091 -1.8529405119684406
0.5280075484459862 -0.8483614616517118 0.03861164550017182 6.051403857399412 0.8487300895361253 0.5287198457313468 0.010609422501798924 -50.338727559595725 -0.029415368433190994 0.027169010176895422 0.9991979688660038 -1.840786847158461
0.5964868186180126 -0.8007520424467491 0.05476898513138498 6.658161455318563 0.8003645629477238 0.598537338226885 0.034199724059916906 -49.61289957433006 -0.060166781470020705 0.023435470245657578 0.9979131911854375 -1.9251521731661354
0.5999005173345163 -0.7969181107997068 0.07099925338484922 7.279943047892858 0.7972203802201829 0.6028911867271671 0.031014227836508937 -48.70086695862808 -0.06752062398531697 0.03799660045496635 0.9969940941101402 -1.912924935941768
0.5699870101495286 -0.8187767345686043 0.06869837836495443 7.94790203658726 0.81933624975291 0.5726644280694683 0.02726834547063494 -47.83217231923814 -0.061667804417201634 0.040744468987116554 0.9972647442606801 -1.999322608487368
0.5712289071613429 -0.8177673293026879 0.07038558622620807 8.574365304219949 0.8185851989880544 0.5738777332496503 0.024137507699234666 -46.873536161333014 -0.060131585884170294 0.04382855696223908 0.997227782391597 -1.9731905099713583
0.48843130705007254 -0.8703718741412192 0.06235109459552019 9.288177086675947 0.8714063826326561 0.490254870375865 0.017351610294521272 -46.07499115713908 -0.04567028137013061 0.045858072099092276 0.9979034335159528 -2.1017093949856704
0.46525484574190556 -0.8832516466023155 0.05834772735911907 9.80091680075513 0.8840045230139391 0.467019439151799 0.020708615241899986 -45.0744846150112 -0.04554044141829984 0.041944871303146766 0.9980815076769978 -2.012291892702047
0.5271966929798535 -0.8467147101116577 0.07167877364769665 10.286712903263457 0.8456891926871595 0.5310414821289526 0.052959735936141464 -44.27735779173015 -0.0829061896558185 0.03269776657230612 0.9960207928441738 -1.990207942437053
0.5106245188044486 -0.85610745575691 0.0796405989000314 10.78552577285161 0.8557669306250105 0.5150074363241978 0.04929808291836292 -43.47933764462606 -0.08321995700776176 0.04298098100564658 0.9956038740520341 -2.1238681485539477
0.508816743145561 -0.8574308534678481 0.07692758553433171 11.380744702630146 0.8564976741551444 0.5132041860929675 0.05507447270272138 -42.51980091455076 -0.08670211105602993 0.03786548425746823 0.9955144142805644 -2.2199107754139167
0.5137169516744473 -0.8546537943751965 0.07524483585199054 11.925097468480525 0.856056119360087 0.516441056606939 0.02136716071117343 -41.47895420336715 -0.057121047508446675 0.05343712951485973 0.9969361359288517 -2.2465465276960614
0.5931607712469975 -0.8037413516365669 0.04647729685654664 12.749880329728049 0.8047392488879263 0.5936072785162423 -0.005013999584842447 -40.51970389888109 -0.023559302896379697 0.0403762128234558 0.9989067627587029 -2.2792060941609353
0.6615229874977178 -0.7475179360895471 0.06003559141474553 13.352320479879797 0.7488181541303344 0.6627743206744006 0.0012537541328478292 -39.64322568458711 -0.040727252017943985 0.04412635356576358 0.9981954497311917 -2.326807388500953
0.5581386546609586 -0.8258507409940756 0.0803230712360494 13.981093068133816 0.8275657377491452 0.5610722464928992 0.018245106717262274 -38.76346741100437 -0.06013478092558645 0.05628932238841998 0.996601886566589 -2.415412031930861
0.5526821140990847 -0.8298767015964411 0.07646659991380364 14.616038224038997 0.8299913162960001 0.5563855454994682 0.0393641922626711 -37.962916671150154 -0.07521233694148485 0.04171072891560157 0.9962947954622315 -2.3424610030138915
0.6161390994432543 -0.7831117207447988 0.08431276872085203 15.32133512570664 0.7853032377401441 0.619018364043705 0.010727990096096568 -37.13516854101665 -0.06059236694586442 0.05960115610267594 0.9963815871738709 -2.408546914955416
0.6244589896769708 -0.7784558675469908 0.06369797872208321 16.051950735628065 0.7786709374876071 0.6268476911143028 0.0270840037077007 -36.28213510381353 -0.06101263249350991 0.03268691521587207 0.9976016360501231 -2.4462788068475314
0.5059878845618971 -0.8589994831882382 0.0780778365409548 16.648214350860112 0.8610874707982714 0.508313841060512 0.012058466757624627 -35.28415533062243 -0.05004626170666964 0.061130408706701174 0.996874337527323 -2.4739907140167334
0.5282888050422161 -0.8473441743514133 0.05402581475358884 17.25465164564903 0.8473353313237678 0.5302035356335808 0.0301172225162055 -34.31272931554225 -0.05416433104458963 0.029867390149991985 0.9980852489883418 -2.4827419768592085
0.5269411118467228 -0.8482235716554587 0.05338386585661015 17.858764430975423 0.8482616670005492 0.5287860621722225 0.028938637663926466 -33.363117440088836 -0.052775078807985924 0.030034529136502966 0.9981546564117003 -2.550664429176078
0.42006025587033335 -0.9054345773213536 0.06113597655269877 18.39680950304361 0.9061493063757723 0.4221529708611773 0.026082633068553546 -32.34079232524682 -0.049424851976074796 0.04444204522728486 0.9977885991647525 -2.6024470652868485
0.5152826301942832 -0.856228817427586 0.036824220651893315 18.917236704666635 0.8565904946256961 0.5159092146802924 0.009508245099346467 -31.384859035730727 -0.02713918821495715 0.026643843839087918 0.9992765233149988 -2.630725928944491
0.5225912735563036 -0.8499907622935129 0.06643842877803133 19.52344567396909 0.850857733798312 0.5249030740569656 0.022756969946558035 -30.497875619778917 -0.054216949733468835 0.044637057040542 0.9975309797196065 -2.6642842855617506
0.4823698537856371 -0.8738466801358592 0.06092047089739714 20.057966464569922 0.8729703800093133 0.4853036559380738 0.0490211909232655 -29.708636418000793 -0.07240193219257753 0.029535421931593694 0.9969381219845613 -2.652242473742718
0.48743619059814547 -0.8704408537793722 0.06883807207502128 20.653226207375766 0.8708386722579804 0.4903711496457749 0.03429493395589058 -28.72964988586869 -0.06360791613569948 0.043230263322336406 0.997038202546901 -2.647030419169222
0.5464612616774043 -0.8354983449639021 0.05764204236943608 21.212095960756663 0.8359855955219492 0.5483056218408682 0.022114003199579242 -27.593692478128595 -0.05008166895932621 0.036103471028134215 0.9980923633682252 -2.6547624018256886
0.5747262649596205 -0.8172754964735963 0.04183877662409431 21.83152835515404 0.8171899486010713 0.5758802641603499 0.023717277583740006 -26.71127555933675 -0.04347767554668251 0.0205592853582619 0.9988428342410106 -2.6803749408278623
0.510887658429398 -0.8582407722524509 0.04915869514179178 22.493654225258492 0.8583150134200345 0.5124437572490966 0.026395707874482068 -25.80021573863788 -0.04784493915026828 0.02870840469175783 0.9984421311712369 -2.75135254525709
0.49461331206177395 -0.868521346645521 0.03206777124049766 23.09477756245139 0.8672511980739561 0.49563150591433214 0.04716746531645618 -24.74876654788049 -0.05685974824574859 0.0044811567861519006 0.9983721191335864 -2.840326621108935
0.5162112269223107 -0.855497650375414 0.0406169841508282 23.671041643253027 0.8551213463724509 0.51747546433493 0.03141061587291473 -23.78529459264176 -0.04789000080945755 0.018517937614501975 0.9986809469540188 -2.9296477448656013
0.6119320841467283 -0.789873326544365 0.040487682146304715 24.240928991766378 0.7885108816661967 0.6132602198334077 0.04650260491496885 -22.909974980400875 -0.06156065209075276 0.0034685420019346866 0.9980973175650469 -2.9118428594410974
0.5151557855825419 -0.8554977989896222 0.05232621240588855 24.867432832428168 0.8562285331570723 0.5164210243120855 0.013491651349807038 -22.02285757414776 -0.038564434243516 0.03785289384404374 0.9985389040188214 -2.9641084547739074
0.41196379306437714 -0.908991162733947 0.06341056123074637 25.765094575418846 0.9099295689393562 0.4140657859159633 0.024035484260425434 -20.26205923679812 -0.048104186656138914 0.047797395382831696 0.9976980486203071 -2.94788321440914
0.4192623727629873 -0.9050642005880605 0.07125907380148298 26.235153852361268 0.9065945547890661 0.4215350819354735 0.019861720078300428 -19.365691114089767 -0.04801433131852489 0.05627581640055416 0.9972600746427615 -2.980825599187515
0.21428835278469882 -0.9756089460613065 0.047620229167519706 26.701545110833813 0.9765271648221382 0.21289219198164866 -0.03273546941293938 -18.280308219078112 0.021799041842638214 0.053517277195271176 0.9983289552128334 -3.0575689337678345
0.1125184890245049 -0.9913122777620097 0.06811429795526422 26.694151894731437 0.9869164706090622 0.11945981219176549 0.10828311646632771 -17.578157760097156 -0.11547930406871412 0.05503926988436775 0.9917838520072815 -3.054558683261971
0.28705951272617203 -0.9564376689465188 0.05313964220393033 26.746693969595487 0.9572569351931892 0.2884736406052769 0.02102661885515026 -16.64879727151873 -0.03544003637067644 0.04483240007055863 0.9983656943855586 -3.124458741175263
0.35047477496624935 -0.9350087683790631 0.054092838404214784 27.309693194029496 0.9365630432971801 0.35014131797105386 -0.01583424704297285 -15.481874678002779 -0.004134977905787145 0.05621085752557988 0.9984103572449344 -3.0374486835813683
0.4182850250875809 -0.9053072208118472 0.0738679479436851 27.593120087149494 0.9044193934622046 0.42263574947700655 0.058348813128176066 -14.752244302821948 -0.08404283739224676 0.04240116991237569 0.9955596126165034 -3.071129601016497
0.4035102371271292 -0.9121824016063794 0.07143356867206052 27.898137660935532 0.9122785940643084 0.40708250518329414 0.045073282393698906 -13.797451113608952 -0.07019441107137209 0.04697978473036409 0.996426437064489 -3.1457206355199
0.31595384811419636 -0.9470579649468578 0.057047146226148586 28.489145260478647 0.9474244857804588 0.3181399030096368 0.03426143395498727 -12.820244132853468 -0.0505965374849349 0.04322283127856285 0.9977834320386365 -3.2032967093852256
0.24165081266393296 -0.9688409663370915 0.05433292451057329 28.857666283462517 0.9703632710411866 0.2412668978471988 -0.013616395170456628 -11.85367505075099 0.00008338530734085248 0.05601308731180786 0.9984300311472458 -3.142058094826165
0.41147249433294153 -0.9097009291708648 0.05598755105461297 29.066897413728647 0.9086468697184326 0.41423501584247213 0.05263285856649732 -10.778449348687356 -0.07107216444095013 0.029215939410745413 0.9970432168798031 -3.208897792600012
0.4731562196471262 -0.8774816862413202 0.0784160833013865 29.524816993878616 0.8774942348557355 0.4773228191989881 0.04654883529023594 -9.912678456359295 -0.0782755364350062 0.04678479008202899 0.9958333815517496 -3.3103845362163176
0.25775329208491304 -0.9645288204988371 0.05698591796673791 29.99151492125457 0.966207356492288 0.25746033323103146 -0.012550739928442061 -9.046178663305707 -0.0025660630496246936 0.0582952076905857 0.9982960903863827 -3.287688882689927
-0.015658154390129297 -0.9985936689293966 0.05065082995590152 30.167104193194938 0.9962570573524354 -0.019888311253446478 -0.08412092932767956 -7.855621838256317 0.08500998692248636 0.049144068305471085 0.995167404346538 -3.2816858467949466
-0.28243554360486667 -0.9576452888560523 0.05608622326768105 30.066406756278685 0.9579382549977593 -0.2784577366528478 0.06939444149225121 -7.5268892915562535 -0.05083761717932658 0.07332659565247718 0.9960114191361193 -3.3909097960379286
-0.46203338052745035 -0.8868600325106675 0.002106659335087843 29.849919141316605 0.8809464471901132 -0.4586760353840842 0.11640297138585219 -6.883442970371016 -0.1022668688358722 0.05563791242953088 0.9931998339906176 -3.334764063408073
-0.6386172391969271 -0.769519162527102 -0.002877551751401919 29.33231041695996 0.7661988791511233 -0.6362001489806401 0.09049114887420373 -6.165416690977716 -0.07146537195073398 0.055584430739178625 0.9958931025322671 -3.2479724103415615
-0.6611888319676555 -0.7478853130423078 0.05913448246883328 28.582892208632835 0.7498495441366517 -0.6612817548738366 0.02078705917234898 -5.155430497502594 0.023558218084205 0.05808613609621942 0.9980335721578251 -3.214484972182409
-0.7152941760156257 -0.6920274033469282 0.09722301566519595 27.656487613151505 0.6949589248588244 -0.719031799791124 -0.0050362335335100185 -4.359995244201165 0.07339165154971014 0.0639636139226429 0.9952498789634495 -3.1182161968207316
-0.7484528449464678 -0.6602303582677248 0.0625636708738407 26.971978120870162 0.6620876075404541 -0.7493108184573491 0.013164242634298266 -3.6051039642291913 0.0381882027974078 0.051275446019015715 0.9979541521546244 -3.0389150527781896
-0.761621524466823 -0.6462869179130325 0.047390644681269266 26.11638357924276 0.6479796123378169 -0.7603698531338485 0.044273111927476155 -2.9257176454467206 0.007421284482187818 0.06442752656810274 0.9978947932307047 -3.045563833546127
-0.7223416287774884 -0.6901056368934085 0.044461008344710576 25.428293928795046 0.6915060741602891 -0.7202135970185717 0.0557828295176524 -2.215098392442488 -0.006474622344979201 0.07103931726525664 0.9974525024621353 -2.9117947146112
-0.6852032636639129 -0.7260662954527625 0.05765606708599179 24.673134211329447 0.7282170455844593 -0.684449800087694 0.03504861880527301 -1.3844643024736845 0.014015062774169154 0.06600155882566577 0.9977210894072643 -2.87200038053075
-0.6833864596739401 -0.7246486009491356 0.08869809398616971 23.810737089254587 0.7289115194223671 -0.6840625549995922 0.027320646053972813 -0.4692356938024096 0.040877176855735275 0.08332362204015614 0.9956838004218077 -2.9219511936111253
-0.7706185540456203 -0.629539458174513 0.09913180499707477 23.074920999739575 0.6322614803907275 -0.774738896656834 -0.005006238216201421 0.38422469082599653 0.07995288972115411 0.058819321725878344 0.9950617180943826 -2.8853697087341232
-0.7167737397095619 -0.6921587087908523 0.08456788934193435 22.235941255283183 0.6961525565639985 -0.7172784217873287 0.029720087948862314 1.1208220424083783 0.04008770450123301 0.08017473095221204 0.9959743914702638 -2.8410500066899114
-0.6994219027438506 -0.7132314672751084 0.04593338710314367 21.623678438393032 0.71454989749755 -0.6964643771542784 0.06599860105595938 1.7857629261449397 -0.015081311229869105 0.07898256417525802 0.9967619116960124 -2.782559738129223
-0.7548589921822655 -0.6551880269226712 0.030274598242611507 20.880788464549223 0.6555558057699303 -0.7522065986245696 0.06657190478717759 2.403566836126847 -0.020844362377194642 0.07009908960059871 0.997322229870695 -2.7173941632624605
-0.8170758498866586 -0.574291827079457 0.050753845979730566 20.050091696469973 0.5761130265877985 -0.8166629572974835 0.0339910984520322 3.1000058668907156 0.021927975917572475 0.057013257474628834 0.9981325825481754 -2.6620500079801817
-0.8056648742859036 -0.592366399411243 -0.002481771633183829 19.20959773830414 0.5918061669322229 -0.8050717948276451 0.04030962607101071 3.7273516592929754 -0.025876072400377825 0.031007322063576977 0.9991841546259508 -2.568146325555688
-0.6812792258674658 -0.7315879188155285 0.025253384814538184 18.20599097381554 0.732014294643931 -0.6810393704319426 0.018451242738972598 4.542644187351478 0.0036998430204035586 0.031056287041885865 0.9995107894349097 -2.502654606481126
-0.6262860350748256 -0.7794281586502508 0.016048295028869376 17.585819201704172 0.779381117348431 -0.625502542364895 0.036216617950382106 5.359149908187545 -0.018190002500426246 0.03518970017110205 0.999215096368596 -2.4638342686760795
-0.7503135105757277 -0.6606414306949387 0.024135780428064774 16.97736058939454 0.6610820464763171 -0.7498354835402905 0.026781998629368815 6.0884319429136475 0.00040456669652412687 0.03605062653052415 0.9993498830002157 -2.38416902657473
-0.8275644306066554 -0.5609723185502519 -0.021146418491977147 16.071469535036723 0.5597823625666091 -0.8274688687677985 0.04403382540145878 6.853432208416745 -0.04219976011814008 0.024603435542529903 0.998806213039084 -2.275313695506227
-0.9372392680663473 -0.34790491245051364 0.023339372040779145 15.345153029890438 0.3483248131628753 -0.937215890692009 0.017210426183918465 7.144689179601867 0.015886438540638818 0.02425996964516887 0.9995794490401001 -2.204873408125241
-0.9775531101400659 -0.19103730126628382 -0.08885193515270196 14.406726282738495 0.18835917545149578 -0.9813768752112153 0.03768620203607687 7.629422781054514 -0.0943967048085762 0.020104186767101108 0.9953316451292584 -2.125138544136698
-0.9986413142307979 -0.015100237479161407 -0.049874926961935934 13.486499117721285 0.015638689761836213 -0.9998233754192418 -0.010423499786923043 7.481004914481665 -0.04970872050172438 -0.01118931603574922 0.9987010775566099 -1.9846019560604
-0.9852251208232066 0.1706833575080961 0.014094423317828265 12.226576946075996 -0.17039262109237896 -0.9851782072001343 0.019754866114428622 7.641825076188168 0.017257345571311408 0.017061404622523903 0.9997055028837937 -1.9019157794906696
-0.937932316292359 0.34676541028861074 0.006059726216759568 11.126431302251595 -0.34662153875710267 -0.937845504252864 0.017300838775917593 7.239390247595603 0.011682419445859344 0.014126584161197088 0.99983196623024 -1.7725558509450934
-0.7266329743356876 0.6833382795439004 -0.07108668172065655 9.816504346355783 -0.6774883165325002 -0.7298806112102072 -0.09101579171425728 6.580980675035239 -0.11407936522452483 -0.01797467911803894 0.9933090200640348 -1.5865742798872258
-0.7512655433122781 0.6553666224660153 -0.07806839046115269 9.114465771150229 -0.648632719039087 -0.7550017593615301 -0.0961662058779229 5.967357663001929 -0.12196589369027896 -0.021608644531335548 0.99229904124606 -1.4378685987896112
-0.7143872335610055 0.6991392532103441 -0.0292435487849205 8.205541222451464 -0.6967823017510911 -0.7145806173043905 -0.06220100754270797 5.104978814234978 -0.06438403910523938 -0.024059218469415146 0.9976351284488413 -1.2666193311308989
-0.6311085024761005 0.7756589708425952 0.007430952414085593 7.372598853963859 -0.7749567060288913 -0.6300615046011577 -0.04964478019465955 4.2473987402115485 -0.033825462054858105 -0.03708990928988397 0.9987392936826124 -1.1467416551767757
-0.6368523754869877 0.7709691490165953 0.005061926630063551 6.792190439321061 -0.7700277761280647 -0.6357201486969566 -0.05401033726970088 3.428172386294267 -0.0384223350129635 -0.03829443569693364 0.9985275461231928 -1.05349917019055
-0.7659646868676278 0.6427880227827598 -0.011029788701824151 5.877009976573119 -0.6420641482697229 -0.7657423627243751 -0.03731304645786118 2.662560331388803 -0.0324303558175353 -0.02149864405774116 0.9992427534514456 -0.9418610419921477
-0.8300605536995431 0.5570613307021014 -0.026118021142742292 5.215683385539729 -0.5559138955705522 -0.8302511291184977 -0.04053151007591462 2.0943300379168353 -0.04426305348235719 -0.019124236817836378 0.9988368463680909 -0.8014989710047352
-0.8329923767125966 0.552955898510288 -0.019065010920002796 4.309707472276546 -0.5520067063778284 -0.8329155977151277 -0.03924542262167048 1.4889782808665635 -0.037580532894061346 -0.022167123979707524 0.9990477076505739 -0.6838680924652014
-0.8944322971023349 0.44641423163124505 -0.026555596346639898 3.2474464699927155 -0.44570133119519884 -0.8947179113246988 -0.02881288818560044 0.7994593043375905 -0.036622251037699255 -0.013935313123619564 0.9992320139872813 -0.5430763220208304
-0.9914893247789831 0.11653575897562372 -0.058037364940977554 1.2469894679278872 -0.1169470821165088 -0.9931311421215807 0.003730218856822813 0.2481980738897163 -0.057204010643934974 0.01048577265920737 0.9983074424935376 -0.2794052049685691
-0.9871567559155894 -0.1480261172224852 -0.06008167665973176 -0.6310510013044054 0.14685263078058125 -0.9888786450301426 0.023522972519890724 0.4384229409373203 -0.06289550129406533 0.014397708963037029 0.9979162599605159 0.05079792251383662
-0.9482129519160731 -0.3175207841895903 0.008529327419796968 -1.8008504069816498 0.3176308659594371 -0.9477154959776779 0.030756652510343027 0.7058311645478107 -0.001682500658121958 0.03187303392229095 0.9994905096598586 0.22136745683353956
