1 0 0 0 0 1 0 0 0 0 1 0
0.9852924290283281 -0.1654597585608259 -0.04268369239475906 1.234591000056579 0.1643014202575545 0.9859726780830282 -0.029375523401830205 0.12658199999597022 0.04694542151059761 0.02193048952427226 0.9986566882710083 -0.09848000005184927
0.9687968433900038 -0.24060279462786727 -0.0595228649749427 2.380615699632334 0.2406800733278298 0.9705861137949608 -0.005974781276781612 0.34182990469582963 0.05920961527045575 -0.00853761826596003 0.9982090615366449 -0.2323196121746055
0.9159800797060407 -0.3943373490328259 -0.074017219209303 3.4227842428545823 0.39275277194268277 0.9189593505471224 -0.03548199787709114 0.6488287698890919 0.0820106926751256 0.003430335227644566 0.9966255460739366 -0.3428801951251969
0.8363961274998484 -0.5456397183022234 -0.05214226418489839 4.3267471334458065 0.5449982445169913 0.837999977860199 -0.027073060035828576 1.096811406783233 0.058467353084054305 -0.005773639872372951 0.9982726249406865 -0.38130070957591067
0.7321158764804885 -0.6809797702275381 -0.01651956252614157 5.191804496523162 0.6803320411553433 0.7321991039599298 -0.03213698706600313 1.7945956453518181 0.033980246947463065 0.012289210760865778 0.99934694581825 -0.5408223749386047
0.6667982074297988 -0.7450993435549897 0.014391622644102367 6.703031076479264 0.7452276041430459 0.6665607258014666 -0.01823778611120182 3.4122697723857653 0.003996072024239024 0.022885957549232783 0.9997300957535646 -0.6401495131160382
0.6134600739372998 -0.7883319428605533 -0.04689867322801205 7.397532379719331 0.7877384228189751 0.6150467264407313 -0.034434016745271606 4.203145685071558 0.0559903107645952 -0.015819992422424205 0.998305971604016 -0.5896601591003093
0.5392780829198071 -0.8417417773373905 -0.0254937162302433 8.154469072804359 0.8363186068131937 0.5388622473086588 -0.10098844648523272 5.2667657030281445 0.09874379565509986 0.03313998657743785 0.9945609102057404 -0.7719233607521618
0.5602104537781075 -0.8254607406304111 -0.06912896032503822 8.839342190828372 0.8196194695110194 0.5644568679682574 -0.09804269173141145 6.270218772885482 0.11995070936098293 -0.0017349009649749766 0.9927783324803373 -0.7723618562961505
0.6297959322026294 -0.7760414977751198 -0.03341672503358685 9.483330147829351 0.773304868623475 0.6304670838955243 -0.06716275967755005 7.142714853041421 0.0731892338001404 0.016457516678499172 0.9971822733084086 -1.050872625306674
0.8019919302415818 -0.5973248296274163 0.0034629088870101305 10.910505351775015 0.5973115067281344 0.801895818885628 -0.013492945709292051 8.369955801866547 0.00528277933929957 0.012889668899002305 0.9999029696316171 -1.1476618562053011
0.9781156070078906 -0.182645825644494 -0.09965120020464693 12.696130735563663 0.18121300113826144 0.9831672797292027 -0.023322698993551685 9.129784187791905 0.10223359304088837 0.00475420282702626 0.9947490588130401 -1.17980116992255
0.9988453405514173 0.012500110752546263 0.0463867749460683 14.289136082486104 -0.011499636903416852 0.9996968094996266 -0.021772630235140776 9.272229052800238 -0.046644871205875064 0.021214059192918976 0.9986862468677268 -1.2864393712392121
0.9898850287374317 0.14033063836278167 -0.020855258765792254 15.504721202754814 -0.14104139802698448 0.9892820666231374 -0.037793077414366 9.139359562632542 0.015328206812531333 0.040352256374937515 0.9990679363693761 -1.2572411369416827
0.8899126319162085 0.4399256788877599 -0.120502716198061 16.8336660501981 -0.43786602260905977 0.8979378233769199 0.04450855640932506 8.943729939220123 0.12778440358857998 0.01315531847821979 0.9917147189566403 -1.5340213075280495
0.5119012557947464 0.8583863493936486 0.03361516756475857 17.67667776488173 -0.8571882859722392 0.5129749285517811 -0.04566141773171398 8.242695939782323 -0.05643887585465265 -0.005440390789272285 0.998391233655586 -1.3879326844731208
-0.12611275200383368 0.9911031145929224 0.042546327999342104 17.865079168687767 -0.9890061031482092 -0.12227602611899516 -0.08315949357794239 6.89537488967144 -0.077217237179354 -0.05256605064825421 0.9956275953395587 -1.637476715084735
-0.32805422698585895 0.9444807831458106 0.018343239217415236 17.0992245320317 -0.9397202338381129 -0.3242946729908424 -0.10843821828583128 5.441961169566645 -0.09646919856593382 -0.05281112892222007 0.9939339406570272 -1.7176060782445615
-0.37232647197673313 0.928094276111716 -0.003743382698622507 16.963790268679144 -0.9212308559584159 -0.3700569198460256 -0.1199649369782543 4.379966548126952 -0.11272403601487772 -0.04121760209839265 0.9927710717893502 -1.6908526178203116
-0.5077178757171098 0.8609539021215161 0.031319915374087 16.36036842576039 -0.8603871226500192 -0.5048465475194475 -0.06974211522255142 3.373603914300424 -0.04423299509785486 -0.06235657045916454 0.9970732672503283 -1.6965827797666484
-0.5178454981601397 0.8548707829914948 0.03212451435876236 15.746440121493203 -0.8549376659181136 -0.5158260190963563 -0.05481884181277212 2.5128609163406637 -0.030292365866087287 -0.05585214777173005 0.9979794136952524 -1.7417067942330633
-0.4808939114993368 0.8762434140810185 0.03063535804441396 15.191175058399823 -0.8762520488416128 -0.47910056281112706 -0.0514295402948308 1.5128478291854512 -0.030387378691560753 -0.05157644805240803 0.9982066305242383 -1.7105253580149693
-0.45643426558885075 0.8893539295918947 0.026783373869274887 14.688941791250317 -0.8886072205519623 -0.4541078915418314 -0.06452309991272749 0.6069305110072358 -0.04522133102068159 -0.053250453133162276 0.9975567254356168 -1.7356449376521306
-0.4171171940574133 0.9087559939283966 0.013258579142657736 14.206033393814842 -0.9066511748862702 -0.415047743636321 -0.07562418647327288 -0.3573114971218165 -0.06322098938656176 -0.04356505482161927 0.9970482398055638 -1.7492621861649063
-0.40682040536254077 0.9132006711754234 0.023700041042474106 13.711059004179862 -0.9115624476200208 -0.4041248586297669 -0.07574300447215479 -1.4539194933934982 -0.05959078678500534 -0.052417867204111325 0.996845677789755 -1.7948721018597058
-0.45229820490605144 0.8913909184010685 0.02913012926271096 13.197163123857266 -0.8913373163683614 -0.4506632525163257 -0.04919777719220623 -2.49649546639337 -0.03072657299489751 -0.048216837551891004 0.9983641691729946 -1.814646565481102
-0.4569420319893303 0.8885325426475882 0.041399276052540346 12.696964173865393 -0.8891439449922698 -0.45495572296491377 -0.049379502073802616 -3.467784578303572 -0.02504045696560011 -0.05937348564540451 0.9979217227404505 -1.7997320525025275
-0.46656005449194876 0.8836115519259982 0.03939975704747128 12.169610817243631 -0.8836149893129082 -0.46365569474246754 -0.06517627938467926 -4.458690435600574 -0.039322591649329115 -0.06522286436373086 0.9970956382164001 -1.8649768249357697
-0.41329805040155243 0.9102078819717866 0.02657692854169142 11.669963679811273 -0.909076489287501 -0.4107474042309217 -0.06976035078948455 -5.444425165839957 -0.05258001672677509 -0.05299227787134785 0.9972096872408621 -1.8880147944537562
-0.39016870834199724 0.9200351500827607 0.03610680881674838 11.25087419094974 -0.9194930137713005 -0.38729615132261364 -0.06733712791961041 -6.470585021493437 -0.04796849650039276 -0.05947279868043044 0.9970767320324996 -1.915051757992359
-0.3280322771177224 0.9443184065064285 0.025643172622009134 10.792960928252164 -0.9436860890827096 -0.3263346597833881 -0.054426602832080694 -7.529677065519257 -0.04302778684457863 -0.042052787746125975 0.9981884454360492 -1.9578507954357207
-0.3117823571168256 0.9493725296437904 0.038517031926502666 10.423331687401072 -0.9489932280238143 -0.3091428632129754 -0.061988251220894734 -8.57292074484993 -0.046942677337550996 -0.05587924554102854 0.9973333920821803 -1.9415064590451385
-0.37207042555912645 0.9276975301904513 0.030673945015072066 9.986734862597848 -0.9269026740790802 -0.369596033775116 -0.06519359326463108 -9.575861810807135 -0.049142967038032434 -0.052688369648724726 0.9974010750417598 -2.001298852981887
-0.41439440559611157 0.9084299750387317 0.05506593376830228 9.534399806929489 -0.9098482320686927 -0.41210619666784565 -0.048421867678123134 -10.658617796675232 -0.021294863514947637 -0.07016739356063088 0.9973079091578424 -2.027095282437106
-0.456666758835938 0.8890258644003544 0.032992177883293686 9.169681761887698 -0.8886518849866093 -0.4541013994543583 -0.06395112448847388 -11.706296870629906 -0.04187240957988944 -0.05852291380986732 0.9974075244729095 -2.060993069501908
-0.3944269147991192 0.9186091395221025 0.024179695376701175 8.627027706379087 -0.9175074811993377 -0.3922189687700596 -0.06591132285273332 -12.624717456879527 -0.051063008384688906 -0.048182251124376636 0.9975324755872828 -2.0361405372272547
-0.43044380871898 0.9019623825625884 0.03438005202901085 8.167716598962178 -0.9015045106853734 -0.42771029620602846 -0.06598120742512487 -13.60503585517055 -0.04480786481661504 -0.05939497420969898 0.9972284052759451 -2.0771145277402283
-0.43728676554256085 0.8990190525465215 0.023345831312693768 7.7099365728312135 -0.8982038402704593 -0.43530165363272455 -0.061174599859871386 -14.658599981939318 -0.04483465183008794 -0.04772015824545139 0.9978540176259771 -2.1221829997187465
-0.35818905453927585 0.9321821967886127 0.052315898144027276 7.202647812482538 -0.9336059415027153 -0.35814840212450616 -0.010472251261866085 -15.721167210251798 0.0089748091393831 -0.0525934791207002 0.998575675026631 -2.1768329964083493
-0.2755772426111529 0.9606430366297779 0.03495911225350148 6.875485429524143 -0.9588096700332139 -0.2720825442535154 -0.08157883158842723 -16.693570409909498 -0.06885637229503906 -0.05600040434901219 0.9960535902787131 -2.161019716001413
-0.2812846280843225 0.9594071322839657 0.020418435937194248 6.345473037968223 -0.9572725656406774 -0.2790429917545124 -0.0759226173442771 -18.637999673387476 -0.0671430791309032 -0.04090187373884117 0.9969046311706418 -2.2563183359233014
-0.32358447862281026 0.9439622952346495 0.06502515182401579 5.981811003678577 -0.9455828832476144 -0.325089345655265 0.013781445880613344 -19.849340517136024 0.03414814934271947 -0.057027208565419936 0.9977884552247052 -2.363767656486201
-0.3377535712830159 0.9407353399321755 0.030652003005736672 5.435166503245654 -0.9378435956560177 -0.3335964108213031 -0.09572264504356694 -21.739332952391916 -0.07982427683706936 -0.06107744992908039 0.994935992884768 -2.305206625835964
-0.38249521263296266 0.922495566275272 0.051955197192678826 4.963714108187602 -0.9236136913779774 -0.38021413377943725 -0.04873357747486355 -22.7968970018704 -0.02520240885333985 -0.06662689154401372 0.9974596211933446 -2.3681447857025386
-0.4480111403221863 0.8932705855074125 0.03679237984229532 4.545754711345739 -0.8927330232383999 -0.4447690382576973 -0.07216821895370674 -23.83564364380057 -0.048101635802135154 -0.06517793855721923 0.9967136343798003 -2.4628238186513487
-0.40369828348486947 0.913948207443972 0.041549609159657254 3.896099906146435 -0.9125681667861274 -0.399022368704108 -0.08944545959616891 -24.670424465623327 -0.06516929399630443 -0.07402582916599719 0.9951246855225276 -2.422612404146673
-0.39571206949032606 0.9167971539714642 0.05380461438860964 3.591597937912528 -0.917218590515941 -0.3915964092949861 -0.07322779144030424 -25.89935729068255 -0.04606533698600604 -0.07832771346782287 0.9958628188818317 -2.5128793699933523
-0.3849074557346783 0.9219838984300943 0.04233133066066246 3.058398727218384 -0.9215056587556792 -0.3813290431173343 -0.07358995689956652 -26.865495549586402 -0.051706589532851 -0.06733388382429513 0.9963897714689858 -2.4283905798184344
-0.4051834660663413 0.9119868778437105 0.0640803672535323 2.544529182625421 -0.9128558112493733 -0.39972788186430036 -0.08313776716107138 -27.883567085387522 -0.050205843232781926 -0.09218218429372022 0.9944756498799374 -2.5612221266349104
-0.405065673277047 0.9136769473506022 0.033410121410987606 2.25842509252868 -0.9128971025617144 -0.40216490971476687 -0.06987321037808744 -29.015354404606956 -0.05040516309902812 -0.05880324203815436 0.9969962378358117 -2.5082722999644216
-0.4569021718248085 0.8879473101090515 0.052820259861848656 1.6231927384094471 -0.8879057067021524 -0.4516972988356582 -0.08713785761838345 -29.874400925053173 -0.05351505757751455 -0.08671288655482642 0.9947949607420645 -2.5591450049055755
-0.4719960023691096 0.881517509956217 0.01211005318608739 1.2014980405943836 -0.880065559170928 -0.47031937932103196 -0.06545451089299208 -31.028737221953186 -0.05200370475976717 -0.041551908207321187 0.9977820671948306 -2.656734634695626
-0.4001729278978747 0.9160338713662427 0.02726855858707518 0.6152984617781743 -0.9148170847244125 -0.39751772315171024 -0.07133975943755247 -31.921764613906213 -0.05450990069675445 -0.05349398368092042 0.9970792668769998 -2.5559603192379647
-0.41774925208464553 0.9082019480054364 0.025588747953935786 0.11528626389708638 -0.9071464713154908 -0.4153610547115202 -0.06753128022470445 -32.9755740803742 -0.05070347091248358 -0.05142388421798322 0.9973889623258133 -2.763572267548353
-0.3716788372398624 0.9283382875097834 0.006547204856070903 -0.24193953760831668 -0.9273012630061686 -0.37090824246726806 -0.05039288934966757 -34.08936933482569 -0.04435323635530192 -0.024801201850836164 0.99870801078772 -2.6235930667797627
-0.3947808137292317 0.9179744519144853 0.03835381002699184 -0.7748431946447853 -0.9180831771742394 -0.39251949172240147 -0.05524245113717275 -35.00933688616534 -0.0356565407876465 -0.05702064757864831 0.997736065725185 -2.7903873175299667
-0.3921951897482448 0.9198804468326656 0.0017019615961396451 -1.1751560511950807 -0.9188807217546842 -0.3916813074393703 -0.04737058781751264 -36.19874410942507 -0.042908650945111926 -0.020142416377434833 0.9988759336056449 -2.8029623006655533
-0.41976973474363666 0.9074932432442301 0.015791873205076867 -2.1513735584615277 -0.9061146093437086 -0.4179999424301872 -0.06505661274812254 -38.19079586595692 -0.05243743440669075 -0.041618044096622626 0.9977566105410758 -2.9254613847650868
-0.3762630543275716 0.9264566365257131 0.010208554527941472 -2.497485732336097 -0.9250513565743024 -0.3750280829265212 -0.06028204306840836 -39.14027799189221 -0.052020204229991075 -0.032125342860760416 0.9981291803659226 -2.748250853368417
-0.3952856355878861 0.9177507654349804 0.038507127150554814 -3.0144993314647786 -0.9176857705283119 -0.39273630043978486 -0.06009180382323612 -40.1897389779892 -0.040026152297470294 -0.05909086951787909 0.9974498364689227 -2.947172761074236
-0.3976114350716752 0.9174407771692529 0.014407188737578975 -3.4739984094691176 -0.9166845352966823 -0.3965023877556031 -0.04975258035531057 -41.2836361125235 -0.03993256125205615 -0.03298904198643309 0.9986576558864744 -2.899353084278455
-0.4017013326126131 0.9142707273536798 0.05239347747023938 -3.832373179492057 -0.9155810930569653 -0.3997960279340707 -0.04329431931273474 -42.22956099696222 -0.01863602462608153 -0.06536186313373861 0.9976875890948138 -2.998019541804492
-0.37706254225734004 0.9261389514987011 0.009512189196950913 -4.4139602299256255 -0.9244109821974223 -0.37568347216256087 -0.0657743471018859 -43.128851339671925 -0.05734261259507452 -0.03359421469195488 0.997789182903885 -2.9879494015731263
-0.37291054530531964 0.9275290324457172 0.025052328642285106 -4.547102898294089 -0.9244188987603228 -0.3690635634053912 -0.09613420713391418 -44.142782672076756 -0.07992136644753085 -0.05900830565968532 0.9950530614235266 -2.9422231076961816
-0.39876033936893723 0.9168738333833323 0.01823637582755897 -5.298061022680323 -0.9153819831626875 -0.3967533821464259 -0.06828307738025344 -45.210493584665876 -0.05537162312516625 -0.04392183298003635 0.9974993012228922 -3.0390113539511123
-0.47390332861876444 0.8796640745912079 0.04008429864235249 -5.673952500706161 -0.8805080584439524 -0.472805995668533 -0.03405949904428644 -46.32347732317306 -0.011008820977560087 -0.05143545793984039 0.998615641539428 -3.048059703363565
-0.4896896641423132 0.8711950764581589 0.034973870063980825 -6.221297173888257 -0.8711736289486536 -0.4872563173190492 -0.06031409003800607 -47.21122378021457 -0.035504099152394684 -0.06000349979577738 0.9975665586594387 -3.0226365801199164
-0.447112464720629 0.8944177917153594 0.010356531970871734 -6.806219431891051 -0.8925907758830192 -0.44538766498651916 -0.0700823421869276 -48.25445974312235 -0.0580702221452072 -0.04057883365592953 0.9974874473190783 -3.1068486234353645
-0.5210705284235055 0.8531611351412487 0.024527166427139195 -7.193194951507078 -0.8510680015277341 -0.5171890459487006 -0.09054693548796316 -49.21068832891724 -0.06456594446019497 -0.06805562603612547 0.995590111733134 -3.0867809689641543
-0.4697751612266232 0.8827858860089297 0.0006142946595067402 -7.937751848436302 -0.8814009489259875 -0.468998972746948 -0.05632344800059677 -50.16699264791821 -0.0494334413820121 -0.027000796761129243 0.998412385664058 -3.161243294991509
-0.41513309847662316 0.9084606868660802 0.04861780505131367 -8.318740590054624 -0.9090409700292044 -0.41208667417562067 -0.061879623263545236 -51.344846561063726 -0.036180455463700086 -0.06988385640249843 0.9968988019135913 -3.2098824515112065
-0.48421474276530063 0.8747782863113674 0.01729256160555367 -8.94183254076906 -0.8743335757002476 -0.48303826361169716 -0.047062025989295646 -52.167691386886716 -0.03281586951391211 -0.03790759403002125 0.9987422755760874 -3.200558883912463
-0.48252093840175286 0.8750320021241418 0.03863339568959031 -9.46337818332711 -0.8752350327642469 -0.47999575014308243 -0.0597303713930173 -53.29419250319122 -0.03372212072305106 -0.06263445619781656 0.9974666628367806 -3.289714049227772
-0.38189392215225965 0.9209121865921034 0.07796009754557302 -9.953135147573489 -0.9172537260633121 -0.3879974519766475 0.09001988270709778 -54.28449135571934 0.11314872622409128 -0.03713114387923629 0.9928840032491638 -3.2641852952388026
-0.35136269737196923 0.9362324067045419 -0.0036242974099787283 -10.437954504984873 -0.9224653547521287 -0.3468523990908284 -0.16956144174595447 -55.496289765529305 -0.16000601294177663 -0.05623427674611524 0.9855129537156361 -3.265769509501818
-0.36371145778544356 0.9315113901239837 0.0007110167868640223 -10.87245752191158 -0.9268545702308676 -0.3618167473730305 -0.10014612804574345 -56.57164263279957 -0.09303000117027417 -0.03708330338150079 0.9949724857967552 -3.32863171991255
-0.35976266229397064 0.9321181753862385 0.04155158160388412 -11.423715957406982 -0.9327851836915081 -0.3582575519767712 -0.03953893697623418 -57.81435037940436 -0.021968793884828284 -0.052983332909895355 0.9983537141359295 -3.384593867618146
-0.3419595879903689 0.9390952337885563 0.03411425005879336 -11.786201880477234 -0.9395733262076191 -0.34105318838300797 -0.0297436946752688 -58.92093782072197 -0.0162973881529603 -0.04222398097528524 0.9989752402186908 -3.362142549270098
-0.4033416717010014 0.9143769119456165 0.035076470321856165 -12.078496913473638 -0.9147506512201277 -0.40193408564243205 -0.040990692737920054 -59.89286427391461 -0.02338251401783178 -0.048619478602516156 0.998543641679534 -3.3664482890920637
-0.527847261295851 0.8491682443550986 0.017045865227346545 -12.706552762841717 -0.8480075612567382 -0.5257900058372078 -0.06654356327329981 -60.787098692117894 -0.047544135220533676 -0.04957986023163153 0.9976379065901334 -3.403135408133391
-0.4971944537575352 0.867462311862391 0.01751606836881181 -13.195197291272942 -0.8663633636842109 -0.4952678140840801 -0.06422082526841531 -61.663783708701374 -0.04703400066468158 -0.04710551804971428 0.9977819766616066 -3.340469294207717
-0.4722196768628557 0.8814191422941849 0.010434192873615434 -13.699042755975212 -0.8788972737197233 -0.4698969805732481 -0.08207563521644454 -62.54079752053863 -0.06744004026969816 -0.04792831361030947 0.9965714814918665 -3.49729119540225
-0.49293224422422705 0.8699904183779588 0.011596315561947143 -14.2738899265713 -0.8677316120775965 -0.49058906089903825 -0.07977607866657453 -63.5558084440274 -0.06371539849426155 -0.04938669108925182 0.996745355011987 -3.5491634800243563
-0.4175000888304673 0.9083005655514084 0.026148775220719216 -14.890708121846295 -0.9079317663879433 -0.4158198467972387 -0.05247630506418804 -64.62867833129073 -0.03679107786163529 -0.04565016570082224 0.9982797598675768 -3.515471667961747
-0.35082269148254286 0.9356827689694914 0.03769873995944393 -15.316500164269979 -0.9362084071560836 -0.34955194282242935 -0.036431547309087924 -65.68626987671124 -0.020910703269229294 -0.0480748907710702 0.9986248281342378 -3.52008749537763
-0.32832031544911056 0.9440594365807531 0.030944315572138576 -15.649554657024506 -0.9434913542494925 -0.326208002002769 -0.058415784560517554 -66.67510557178257 -0.045053689303494404 -0.048374783019597016 0.9978126304311602 -3.579357125947117
-0.35683378830553264 0.9335776122702701 0.033203755680095585 -16.08292143311331 -0.9318272739901869 -0.3532002738499524 -0.08335165265509671 -67.67541442980814 -0.06608766126546944 -0.060682851120064774 0.9959668732485034 -3.6265480565717834
-0.2183742905387596 0.9754696550086117 0.027778073890637384 -16.440349345147 -0.9749858162291231 -0.21688104221125207 -0.04863405886199098 -68.75762733945676 -0.0414165110037523 -0.03770365614554361 0.9984303215195011 -3.6620059230041297
-0.020815419951224035 0.9987839692695599 0.044691173875797796 -16.65887038582026 -0.9988255604829872 -0.018818526472768146 -0.044647091587697856 -69.78908090025897 -0.04375177731362169 -0.04556803475613493 0.9980026734384846 -3.5537719989289496
0.1309238935907831 0.9909546456527912 0.029458858534927034 -16.557070616166282 -0.9890723872361704 0.13259151170329617 -0.06446164620282006 -70.80263734448724 -0.06778456235731063 -0.02069737382824827 0.9974852739878626 -3.672657132748936
0.186773229353556 0.9816778512843779 0.03774065572470862 -16.28454888355329 -0.9782402153358978 0.18937734651656526 -0.08474846149589764 -71.91424461430022 -0.09034291281789007 -0.021090683346722552 0.9956873712062173 -3.786275481578801
0.32409026124054074 0.9452695308092478 0.03782878127434862 -16.12600299860052 -0.9432012266653905 0.32595195392229287 -0.06423993890985974 -72.97852661145771 -0.07305442208341081 -0.014860614317849616 0.9972172348872412 -3.716414312440773
0.5201224280793278 0.8540551997105816 0.007897826041568641 -15.728133936349854 -0.853509228794817 0.5194040276373473 0.041730713343749705 -74.08480424514954 0.03153817006329123 -0.028445947363728415 0.9990976788621015 -3.7749652067874613
0.875503630950255 0.4738187452774806 0.09481133274347256 -14.641679851286979 -0.4717751504613443 0.8806026383649099 -0.04435313643853947 -75.17137400243112 -0.1045064572172249 -0.005898298774518955 0.9945067171575419 -3.721860786661518
0.9225462234837383 0.38024152358256635 0.06576358627311218 -12.50862050661044 -0.38031567359921536 0.9247804606648495 -0.011878046442231114 -76.11326261864946 -0.06533340608499973 -0.014052875724114015 0.9977645327096044 -3.964135336888918
0.8667019330142733 0.4985564874489523 -0.016406953766153202 -11.406187533175677 -0.49781576697167074 0.8665706467574911 0.03513938435304243 -76.59730955927031 0.031736752570627164 -0.022287732070947128 0.9992477348162488 -3.9151724766485176
0.8981257421577165 0.4386881481256512 0.030378610365479813 -10.532325928265982 -0.4389562103612671 0.8985051250690923 0.0024465506022473557 -77.09668105095996 -0.026222064352865015 -0.015532189757442326 0.9995354693168288 -3.9988292282424656
0.8908457488771531 0.44760371991663583 0.07774806508392586 -9.604579359178322 -0.44686347110396446 0.8941748372434872 -0.02764776000871029 -77.56905518483431 -0.08189560366967642 -0.01011288076528467 0.9965896044722755 -4.026323934960173
0.8886406005868354 0.4525452653369329 0.0743011830982095 -8.654431716467037 -0.452051326718771 0.8916608000447771 -0.024302585774097357 -78.03468044706267 -0.07724947249313542 -0.011991683978212892 0.9969396764673871 -4.058181268336724
0.9307390872650567 0.36486854277904435 0.0244069237575288 -7.668100148103811 -0.36484633273494543 0.9310514096119469 -0.00551599034345178 -78.48631367276909 -0.024736712127337093 -0.003770828808648655 0.9996868889423453 -4.0511575976300085
0.9563485729732231 0.2907827182739381 0.029031323175135737 -6.557809039328557 -0.2909638907900266 0.9567316618031192 0.0021310935623688313 -78.8442333147434 -0.027155500886729366 -0.010485135033064018 0.9995762305671986 -4.058784785554735
0.9583563092195094 0.28427138657763723 0.027257354097356894 -5.545100553159471 -0.2845282332110157 0.9586490232720954 0.005977849552764502 -79.16756839105037 -0.024430904301296047 -0.013484396637784904 0.9996105751553135 -4.148460063801122
0.9913969496126438 0.12993832917199608 0.015751790715179775 -4.420405805756386 -0.1299826175612348 0.9915146081119393 0.0018168743922939183 -79.40299931746745 -0.015382048975172705 -0.003848702718785302 0.9998742821258619 -4.128098031938703
0.9666508594758849 -0.25594710968693557 -0.008785950001928038 -2.416610244946577 0.2554709454976804 0.9661159212767642 -0.0368051988456805 -79.2962026293148 0.017908430446409166 0.03333322214327003 0.9992838357646407 -4.240181928179514
0.9355469892343269 -0.34300354555478957 0.08426386337825818 -0.6579411699314082 0.34134135735012405 0.9393296090017073 0.03385208139944848 -78.84957252293498 -0.09076292578449281 -0.0029074713314692826 0.9958682834157817 -4.052897793701808
0.8981674028780369 -0.43812200544776647 0.03666639810166558 0.46769143472303654 0.4382731278000928 0.8988318573908591 0.0042376393926139 -78.3008396881921 -0.03481352977860914 0.012263787413582609 0.9993185766624315 -4.137913018852095
0.7921247228567099 -0.6087768322504793 -0.04392256771014251 1.4671538977514587 0.6061440916562997 0.7930574730333285 -0.06040848132630678 -77.75034463304218 0.07160840446023223 0.021227646620918816 0.9972069110418343 -4.093874642222381
0.4873830600651819 -0.8716497182514787 0.05181236757393771 2.431114139365466 0.8698993601234004 0.4898369870361418 0.057747981681211986 -76.58281564809548 -0.07571562598564677 0.016926157374669862 0.9969857818334873 -4.097603910914462
0.39940178313919145 -0.9167732181135492 -0.0022543679737303526 3.4536323801677464 0.9167742139931914 0.3994046419946902 -0.0009861593477809303 -74.74726916833772 0.001804489512309926 -0.0016728726252049802 0.9999969726528075 -4.003681975916149
0.31910969967738523 -0.9477164533187749 0.0015886096726402423 3.852428940084006 0.9472031835417519 0.3188807463284062 -0.03348430541924474 -73.60352202235202 0.031227050135733254 0.012189902785571088 0.9994379808721995 -3.9646206496398286
0.377669685669597 -0.9258565887602904 -0.01245735025541941 4.273585968644944 0.9257410268967738 0.3778333643538781 -0.015668436461128196 -72.51413206633471 0.019213527691047252 -0.0056147867446563835 0.9997996371891109 -4.009912930187884
0.45332908617138606 -0.8912165608090026 0.015026023119563617 4.731703903435504 0.8913168748158792 0.45338088465383564 0.00004581440549775868 -71.53971153890814 -0.00685334221167999 0.01337217896526283 0.9998871018921338 -3.92611648787662
0.39534975299872405 -0.918355373420221 0.017943826627944803 5.248472703894836 0.918336043307054 0.39559267773359663 0.01285865026769943 -70.56355336798275 -0.018907256992809214 0.011394798540062583 0.9997563074065796 -3.959960874483105
0.4021406533234575 -0.9155722754809077 -0.003209877769559204 5.6689946670947835 0.9155474851791878 0.40209624538173805 0.009560953507565003 -69.49258696997477 -0.007463064159414373 -0.006783643609579877 0.9999491411330533 -3.8956727518622474
0.4266445012697999 -0.9042506952754317 0.017468532569776783 6.11764784302969 0.9044093573350995 0.42646910466352844 -0.012954425197610869 -68.5216459074682 0.004264258547014824 0.021325638592690717 0.9997634886500196 -3.874335960416606
0.3827218777527124 -0.9238175620464337 -0.009223683863916763 6.733028308168939 0.9237841459359053 0.3828008279238246 -0.009293968920998442 -67.38943194445245 0.012116765529947043 -0.004963687683391254 0.9999142692239539 -3.880906705213992
0.3904552935022029 -0.9206216958817554 -0.0005973674825467719 7.0675706507979115 0.9202141483384606 0.39030158942543225 -0.029505770447541227 -66.37869543722277 0.027396805905622285 0.010970978250906498 0.9995644314712222 -3.666407921613074
0.42052792694072966 -0.9071425791001446 0.015767176236396088 7.802672452432664 0.9067446623801366 0.42081319528035366 0.02702539404100367 -64.51483860123949 -0.031150921464140034 0.002931869962339357 0.9995103922573586 -3.8048291991094225
0.4655469554033848 -0.8848657069027529 0.016694701618494175 8.410085192468035 0.8849229672426748 0.46569527984864745 0.00626485220173658 -63.47667013670925 -0.0133181966143452 0.011856942024898136 0.999841006642936 -3.7733692332060698
0.44167162596394216 -0.8970551559470251 -0.014772339260462916 8.950521922174032 0.8971418719507035 0.44173981571528675 -0.0015481616879726378 -62.43013471912482 0.007914316847036123 -0.012569105007240677 0.999889684509327 -3.6749251519479396
0.3675383044983342 -0.9300025306112456 -0.0032996640994836096 9.374106190900958 0.9297910817334328 0.3675268079936924 -0.020312305012983523 -61.36036542786446 0.020103210078556765 0.0043975518925091495 0.9997882388195465 -3.662404532731169
0.4108820554049647 -0.9116428467843622 -0.009124497416057203 9.877757816229126 0.9116391660447137 0.4109433656939528 -0.006291353226920594 -60.36391200256982 0.00948511884433613 -0.0057332450697954685 0.9999385793244899 -3.6245277518427788
0.4122490070209775 -0.9110086348142009 0.010678178879561578 10.353200189610943 0.9110550924241185 0.4122831203413253 0.0011168033403964463 -59.35757380109495 -0.005419850394519 0.00926800817792413 0.9999423629620436 -3.6194495221761187
0.4061392788646347 -0.9137933405680428 0.00571112045153612 10.754413041783952 0.9138000175059552 0.4061572837554222 0.002406004682829007 -58.34910075930742 -0.004518204226340637 0.004241648961763334 0.9999807969379484 -3.5901532209989977
0.39521061999131735 -0.918551991676239 -0.008414537045671586 11.255112240165825 0.9184531499438313 0.3952933546698397 -0.01367388430982225 -57.29917927028001 0.015886384243514864 -0.0023242937591417207 0.9998711019197368 -3.5407070377447627
0.3830702620675837 -0.9236980905325588 -0.006245947964651703 11.679830407950709 0.9235647214774041 0.3831211003948871 -0.015698014988405635 -56.26632222720155 0.016893180927168305 0.0002449055232135865 0.9998572700438033 -3.5581535226903442
0.3830988885184121 -0.9236742854024801 -0.007813840424248496 12.171112005350434 0.9237000302070122 0.3830485085863847 0.007217635714770954 -55.31354595222125 -0.0036736645902960986 -0.009982712855970502 0.9999434232157907 -3.4978895620159944
0.37019514760561173 -0.928857859944479 -0.013365205147026374 12.674693612399851 0.9289389070541124 0.3702328535805329 -0.00037562045650748965 -53.95138433224195 0.005297136053655722 -0.012276406191492232 0.999910611105138 -3.4257902244429754
0.4236792444287213 -0.905812108309265 -0.0005676976598583798 13.51742439161343 0.9058107207581548 0.4236772638259158 0.002124682700355833 -52.15822202819734 -0.0016840427250883533 -0.0014144105875865801 0.9999975817184708 -3.4550319189463954
0.4612880024488789 -0.887134040640098 -0.014372638390205542 13.994100020839923 0.8872459263270037 0.46117333296811125 0.01066879445955887 -50.998676734712035 -0.0028363731877106267 -0.017673451747068566 0.9998397892114934 -3.3778067124871596
0.4845961002663369 -0.8746386721799154 -0.013183805748461272 15.093044571151275 0.8747267206160406 0.48445815612758336 0.01238786510139983 -48.95771695202778 -0.004447903659788465 -0.017535338286354316 0.9998363506415519 -3.3474020426279956
0.4512615715277329 -0.8923834897241303 0.0038342313575989574 15.605753941465986 0.8923806716908359 0.4512304294494048 -0.006916381388990269 -48.072873999596844 0.004441942698072417 0.006542691089193116 0.9999687306803041 -3.3321704207802747
0.44705344533162744 -0.8944795066799378 0.007044795720005976 16.182977566887406 0.8944868887948261 0.4469762701773733 -0.010267408264827227 -47.14044893102107 0.0060351297645144 0.01089155764520061 0.9999224725851433 -3.3643547958733317
0.2979543497516636 -0.954406558300932 -0.01820238820139007 16.590332729337533 0.9532018447928278 0.29849437176336696 -0.048034915521348365 -46.056429316873995 0.05127814883177291 -0.0030383379936606146 0.9986797884981067 -3.300865002115654
0.4389417330960975 -0.8984631577449262 0.009700985599949655 17.225892135807584 0.8978033473142915 0.4389980407691648 0.035069498885620796 -44.109358798808394 -0.0357673663812148 -0.006683889275783619 0.9993377913029714 -3.2501605424878233
0.4209529831661964 -0.9067334840390296 0.025158992148403024 17.81886601307507 0.9069831975861933 0.4211552994126084 0.0031133700391932687 -43.11433570375172 -0.01341883973392061 0.021508200741106015 0.9996786143761783 -3.2411720295941104
0.38382903501367927 -0.9231756085749647 -0.02054428418592543 18.34720554001668 0.9232565953265702 0.3840704525857274 -0.00933523628972318 -42.00656064343341 0.01650851496829446 -0.015384511134209784 0.9997453604547025 -3.2206205462654887
0.4452596314419013 -0.8953746630952681 0.006933490842103284 18.637933291123964 0.8952388469781095 0.4450178056850569 -0.02250687638393389 -40.78290531091407 0.017066559979301416 0.016228533830636684 0.999722645147233 -3.1804066607182104
0.4428613992871885 -0.8965391783184418 0.009554201247961925 19.322173294000876 0.8965576825475723 0.44291084547366005 0.0037821722242180568 -39.99817185954104 -0.007622524930719586 0.0068909144459034155 0.9999472048122239 -3.1652975776112204
0.4792230665512033 -0.8776223485270788 0.011147459400062891 19.79641199662806 0.8776835914730786 0.47923845015349276 -0.0014216727460377796 -38.931120328376615 -0.004094599391820517 0.01046524057503609 0.9999368545040866 -3.105864433915274
0.4641377260499057 -0.885359982971081 0.026718379641550945 20.361586807915682 0.8857407282660122 0.4641289546127664 -0.006904765083251513 -37.991237179001416 -0.0062875709154532064 0.026870319006444397 0.9996191536822787 -3.0751937201500543
0.41896315810835855 -0.9080018290743511 0.0015970427368530256 20.958687335824905 0.9080032332542965 0.4189625552545768 -0.0007111218596820132 -37.058873207223385 -0.000023401156596681865 0.0017480538288400748 0.999998471878931 -3.084116591240632
0.3319939580324482 -0.942710827843992 0.03280711653962515 21.19647262104386 0.9432810671169285 0.33175914738642964 -0.012517849023598386 -35.86046896841771 0.0009166508044692564 0.03510218214192418 0.9993833081256548 -3.0245782701380834
0.40179479966683673 -0.9157142506378133 -0.0053244849060105365 21.69939582140872 0.9157168898695427 0.4018131651865557 -0.002959373314277272 -34.91305280166962 0.004849388449913106 -0.0036866599503399115 0.9999814458129073 -3.036947227949164
0.44878285491251413 -0.8933520731068847 0.022716131101145398 22.082579492130197 0.8936391325472156 0.4486866577902679 -0.009454305963917334 -33.75508332398436 -0.00174640110904616 0.02454295411375962 0.9996972509147638 -2.9979561217495596
0.41815400657955787 -0.9083283572291918 -0.00931784496439807 22.700560753158815 0.9079984755614677 0.4182539249012026 -0.024544300413540405 -32.9288463306417 0.026191509301951337 0.0018027085334226859 0.9996553181384219 -2.826363754563055
0.4141837007745447 -0.9101700301560882 0.006509855479766713 23.059093559487938 0.910099665906681 0.4142330878422336 0.011381873889465276 -31.889499463738126 -0.013056038037997838 0.001210430647948457 0.9999140336690937 -3.0400269936542546
0.45608378878581285 -0.8899257041158168 0.004451826675091405 23.574573608539847 0.889882019923661 0.4561055114214183 0.00881776998971158 -30.93672929149354 -0.009877662849227474 -0.000060041431569127863 0.9999512128957411 -2.97535615102533
0.47351357588040627 -0.8807712317783065 -0.005189482505506657 24.164452420848235 0.880783224023493 0.47348746719814566 0.005525457905555149 -30.05295610444069 -0.002409509438013537 -0.007187188463449808 0.999971268880391 -3.02615671900136
0.38224411638072814 -0.9236298457550999 0.028237271871175928 24.603374312443187 0.9239724553341138 0.3816049165098297 -0.02554583095878267 -28.894472115918486 0.012819410133280845 0.03585520500479847 0.9992747705200499 -2.788301225006823
0.438285586785541 -0.8988046498895894 -0.0074796893589555435 25.067628971960914 0.898834426362366 0.4382553578860179 0.005377292072645769 -27.906092454811596 -0.0015551211818231364 -0.009079791905702265 0.9999575685883173 -2.967280071911763
0.36471570572344497 -0.9309727138674018 0.01650030402793407 25.50669867645641 0.9310717231112542 0.36481838265277494 0.0036047331736490987 -26.9265425381248 -0.009375522454189916 0.014048263699775977 0.9998573627601751 -2.788190489278967
0.4125198688553462 -0.9109412567834919 -0.0036584818272812564 25.992606172494572 0.9109463014155067 0.4125064711850371 0.0039047622049104697 -25.96334877885673 -0.002047861561915456 -0.004943472482038556 0.9999856840689484 -2.8471319231153998
0.4120163526355026 -0.9111489275589019 0.007082158512787852 26.46200315753129 0.9111673805102055 0.411965124255454 -0.00766427370063794 -24.752327724407067 0.004065692451136701 0.009610837916191958 0.9999455494872913 -2.932603902189615
0.3919207291962785 -0.9199982459100402 -0.0011702771920248816 26.90148776262376 0.9199945669610241 0.3919224723152575 -0.002602394377105452 -23.81067255156344 0.0028528561924957376 -0.000056716356569888366 0.9999959289891132 -2.683747034330961
0.3891487578927528 -0.9208528477368407 -0.024357279106634835 27.3776031441194 0.9211698292843973 0.3890985018564864 0.00696429961966594 -22.86855903073945 0.0030642856724299246 -0.025147339183077183 0.9996790592411791 -2.8197187836120157
0.38557430713517515 -0.9226164684047122 -0.010550161403829287 27.83544232785977 0.9225193372329696 0.3856945372527678 -0.014064009549749821 -21.53435044711812 0.01704482644299224 -0.004310007168274066 0.9998454369199963 -2.7748066538636067
0.4347678313412819 -0.9005272847478336 0.005248071597584639 28.828329554734697 0.9004266042150024 0.43479798350288695 0.013514583369938235 -19.765418596109424 -0.014452102014537267 -0.0011502028159386425 0.9998949013675605 -2.8026553661539526
0.4068628080860542 -0.9134763096457292 -0.004866940758842027 29.12420189941731 0.9134524960883225 0.4067928434917225 0.011140909923866661 -18.74381157672353 -0.00819712061295406 -0.008978541080736646 0.999926093775794 -2.5802223597133884
0.4957010446968651 -0.8684730408995078 0.005920432180060951 29.711397871215922 0.8681310704213864 0.4956796729617236 0.025497183796955335 -17.82792246743493 -0.0250782546333201 -0.0074992695191452826 0.9996573623503334 -2.720839830164754
0.38067376011558496 -0.9244113378426383 0.02347694246374466 30.194536849599718 0.9246676439269812 0.3802925751439919 -0.01916521757968533 -16.636392874104235 0.008788437516837383 0.0290040645140521 0.999540658306443 -2.5540434433366093
-0.10341231663305199 -0.9945982753200915 0.008953407110425065 30.418309723880874 0.9871843716050678 -0.10373314179828518 -0.12127016018528339 -14.793828049697469 0.12154385721743759 -0.003702164631192144 0.9925791579263343 -2.6460936110424673
-0.4991015991469414 -0.8661947826199026 -0.024580323248996224 30.34225184525907 0.865631990130467 -0.49967668952490213 0.031693273863730644 -13.820699748205197 -0.039734763013417586 -0.005459350464488813 0.9991953483182221 -2.458710064387548
-0.6770912403219206 -0.7358268225473471 -0.010312104499004836 29.516803405271226 0.7357623585784439 -0.6766288757019103 -0.028759629091046082 -13.090948061065488 0.014184638818422454 -0.027060151260549954 0.999533163149351 -2.291182536868962
-0.7456165221169064 -0.6661571604624029 0.017048152713909453 28.365013809784283 0.6655129994523833 -0.7457090378186453 -0.03178802408899953 -11.7862976436545 0.03388878142071314 -0.01235590871845209 0.9993492292554993 -2.409932072234845
-0.8408229499929217 -0.536210697545716 0.07412728649247254 27.601805064288747 0.5318968343705535 -0.8438449282732202 -0.07079191065473522 -11.116219872411998 0.1005113145460985 -0.02009539412652462 0.994732954507447 -2.303382003283864
-0.900800540068106 -0.4282600568385195 -0.07177541870081332 26.148087058783048 0.42902844481285 -0.9032764163089885 0.00512925739829339 -10.38283959405653 -0.06702969904808037 -0.026173258426470055 0.997407629802813 -2.34149146872198
-0.9092580782790904 -0.4149024079946271 -0.033252652893805995 25.29876885884076 0.4157048645840055 -0.9092246962509661 -0.02235883021386526 -9.841176237929284 -0.02095740073123394 -0.03415323656110619 0.9991968493680269 -2.2545479830825292
-0.8915046433740741 -0.45292613972705426 -0.008796749082100694 24.033668921931714 0.4525075346168651 -0.8894290906469223 -0.06444240704657077 -9.272578368923943 0.021363566121580888 -0.06143130035200455 0.9978826551151344 -2.3090443433523324
-0.9004958540349346 -0.43462342018986133 0.014481004397524097 22.941440188465403 0.4329940737491768 -0.8992104972374231 -0.06274243983237372 -8.729113744117317 0.040290804955797746 -0.05022911785502518 0.9979246899217995 -2.1326299631733825
-0.8970850215330095 -0.44074737842407985 -0.03130834638591171 21.026517785634457 0.4418161806638881 -0.8957200743253607 -0.04983985307105223 -7.8278619425303875 -0.0060767297696853895 -0.05854311968857248 0.9982663855366641 -2.1648109054349947
-0.8942799295020362 -0.4475016687310133 -0.002379952266808911 18.960871051542473 0.44684131210686395 -0.8926448388041529 -0.05931301333539065 -6.816454909175385 0.024418220337484916 -0.05410589837777902 0.9982365963419112 -2.2633960815103307
-0.5884257083505691 -0.8058831938183794 0.06563127054399769 17.289388830473563 0.7996577682144991 -0.5920392149713257 -0.10018493734261096 -5.853582484096542 0.11959364316859665 -0.006468837393588028 0.9928018506511951 -2.0907703206566213
-0.15434297852429896 -0.9879297331421408 0.013156266717660486 16.745273471869137 0.982546110289247 -0.1520752878137995 0.1071272513967451 -4.713999224346951 -0.10383345383699409 0.029460977751060186 0.9941582694190261 -2.101116462402911
0.03699470498472648 -0.9985571601095193 0.038922869846721005 17.059463167654435 0.9973946595869299 0.0393093626688253 0.06048691622196959 -3.4045001485405426 -0.061929676493308584 0.03658376689984911 0.9974098170605961 -2.061319417659382
0.18719178985177157 -0.9808519888664965 0.053745788195251276 17.068822807804576 0.9818648737536945 0.18515267264500065 -0.04074134878786852 -2.1101696902895175 0.03001005665992154 0.06039754754169957 0.9977231744077194 -1.8480048318981217
0.18459835547335554 -0.9822062826011551 -0.03455814774192214 17.407843455548253 0.9647270580827897 0.18780390703820557 -0.18447600359968624 -0.8236904555490684 0.1876836448907016 0.0007147866849439869 0.9822292698349688 -1.8725373820245856
0.2891672033221123 -0.9561669716555948 0.04611996138156897 17.812037516120796 0.9532106514353385 0.2920408485929275 0.07811271819198452 0.663066372424908 -0.08815771386036315 0.021374402169233555 0.9958771773762177 -1.7679175152053452
0.23632912941325956 -0.9715247876088122 0.016974382239810414 18.29503218102282 0.9714608086511223 0.2366065679830496 0.016769890941529742 1.7815341096261863 -0.020308615060586604 0.012526733370472573 0.9997152800199595 -1.8550161766675959
0.0760555887093805 -0.9969560177177168 0.017153604941864024 18.517028188406993 0.9959008903873176 0.07510790386231478 -0.0504005883215382 3.0578415040354496 0.048958798512805095 0.020916536851048263 0.9985817615670441 -1.8408492889006598
-0.12846703972086393 -0.9913410875351996 0.027185802726531243 18.52564391713159 0.9900658730200469 -0.12978502995182797 -0.05408708793654754 4.080926121301359 0.0571470627977564 0.019967327435863717 0.998166077889175 -1.6720407638440393
-0.27517184688026053 -0.9613820018309117 0.005010113780694616 17.992334516420918 0.9603588462145133 -0.27462963950849323 0.047848172388967145 5.92451960461865 -0.04462444601376705 0.017977977055948606 0.9988420551613455 -1.6240920951870166
-0.44939230121060453 -0.8932830253208361 -0.009591469454212118 17.726242293138963 0.8933014607122597 -0.4492574059663167 -0.013426968152165404 6.933175285706284 0.007685044045448226 -0.01460204979000795 0.9998638508516794 -1.6234463775012102
-0.6810829400317596 -0.7320829363096977 0.013438867581227781 17.12663913501056 0.7310361582658214 -0.6809171929299077 -0.04402171828090495 7.889268943404678 0.041378304770049425 -0.02015814318398484 0.9989401809706778 -1.5037845380048567
-0.9429504842690462 -0.3177075978580027 -0.09953022897627033 15.863206620007402 0.3196676535532677 -0.9475213765569988 -0.0039789746516695305 8.77031555362116 -0.09304286909010917 -0.03556857082914987 0.995026583203008 -1.3510172412148587
-0.9884888361033854 0.1509189542753859 -0.010643784073305353 14.055648590654194 -0.1499798334569986 -0.9867277171011665 -0.062245175399638475 9.026582017794665 -0.01989649353997194 -0.05993230802117308 0.9980041322560086 -1.2065840465540314
-0.9148784650425521 0.40301134039554254 -0.024067690250071352 13.014960651152471 -0.401182482303047 -0.9141757254662525 -0.057752565842716694 8.781864461461355 -0.04527703716621112 -0.04318104307262901 0.9980407744298876 -1.2043564113165983
-0.7814407021023494 0.6162063215954504 -0.09818451162781405 11.386145485996394 -0.6084890537185441 -0.7873916925199937 -0.09876939837424425 7.903195341179791 -0.13817199644826217 -0.017438227441570114 0.9902547185553813 -1.086006911587863
-0.7662068037547596 0.6373861346397754 -0.08164587710890006 10.513200082689727 -0.631900957902666 -0.7704327402297076 -0.08446639677313816 7.329467355947609 -0.11674036697564798 -0.013126619942310229 0.9930757164321767 -1.019116774627691
-0.7587859070191261 0.6473510222201486 -0.07197639432266198 9.676479103068143 -0.6432255804091134 -0.7621322919830273 -0.07358819350994725 6.565234710192873 -0.10249292666580297 -0.009540626144394757 0.9946879794368942 -0.8842276717153543
-0.7625428103002477 0.6434629365356326 -0.06696201732580648 8.736842184090902 -0.6396390190009736 -0.7653943235261317 -0.07094684549328255 5.858439857345434 -0.09690401349207801 -0.011268487871780135 0.9952299399386108 -0.8431051274792072
-0.7572389908762519 0.649935227212157 -0.06460116969062354 7.872014417262117 -0.646437194059895 -0.7599268588767105 -0.06804500932284327 5.164248200158279 -0.09331701255765244 -0.009765735326001102 0.9955885523552674 -0.82516597878117
-0.6613021088804266 0.7490331562124405 -0.040359034734869424 7.017089437193004 -0.7460730423645384 -0.6623630240909784 -0.06819266657035808 4.253333677782896 -0.07781090056811878 -0.01498516638161748 0.9968555103631087 -0.7728272886381742
-0.6156923619462421 0.7866798162537008 -0.04536278364586096 5.918514490580674 -0.7811718308608742 -0.6169101712001471 -0.09587706367674996 2.812447688083875 -0.10340931346125333 -0.023594647038025583 0.9943589927790786 -0.537998389417099
-0.7135496668855571 0.6992239285793125 -0.043963286838265225 5.109918476680133 -0.6963189123144607 -0.7147172732678372 -0.06572055725414128 1.9094020206732474 -0.07737470672459901 -0.01628241366323614 0.9968691176702094 -0.6129108841371633
-0.8060638608479295 0.5906573412232772 -0.037215017049294086 4.09539847000702 -0.5874520148820862 -0.8061527476820158 -0.07083697915435026 1.0433695317084557 -0.07184137001691879 -0.035237092158480816 0.996793441436242 -0.39423757623683187
-0.9367507490896196 0.3466470093503334 -0.048310298990041745 2.4884680164665314 -0.3448259216774861 -0.9377159113871749 -0.04223687098486553 0.14999009751055076 -0.05994262105805344 -0.022906777158518285 0.9979389569211639 -0.2747221437550805
-0.9956825940080765 0.07472482406757724 -0.05506698336951232 1.6456399355378577 -0.07400213838364508 -0.9971445004069986 -0.01505087448373993 -0.08577826538816953 -0.056034413568773596 -0.010910819224379607 0.99836921953747 -0.14545552136307852
