{
  "camera_angle_x": 0.85,
  "w": 256,
  "h": 256,
  "fl_x": 282.820956355969,
  "fl_y": 282.820956355969,
  "cx": 128.0,
  "cy": 128.0,
  "frames": [
    {
      "file_path": "view_00.png",
      "transform_matrix": [
        [
          -1.0,
          0.0,
          0.0,
          0.0
        ],
        [
          0.0,
          -0.253898128412,
          0.967230965379,
          8.0
        ],
        [
          0.0,
          0.967230965379,
          0.253898128412,
          2.5
        ],
        [
          0.0,
          0.0,
          0.0,
          1.0
        ]
      ]
    },
    {
      "file_path": "view_01.png",
      "transform_matrix": [
        [
          -0.707106781187,
          -0.179533088331,
          0.683935574593,
          5.656854249492
        ],
        [
          0.707106781187,
          -0.179533088331,
          0.683935574593,
          5.656854249492
        ],
        [
          0.0,
          0.967230965379,
          0.253898128412,
          2.5
        ],
        [
          0.0,
          0.0,
          0.0,
          1.0
        ]
      ]
    },
    {
      "file_path": "view_02.png",
      "transform_matrix": [
        [
          0.0,
          -0.253898128412,
          0.967230965379,
          8.0
        ],
        [
          1.0,
          0.0,
          0.0,
          0.0
        ],
        [
          0.0,
          0.967230965379,
          0.253898128412,
          2.5
        ],
        [
          0.0,
          0.0,
          0.0,
          1.0
        ]
      ]
    },
    {
      "file_path": "view_03.png",
      "transform_matrix": [
        [
          0.707106781187,
          -0.179533088331,
          0.683935574593,
          5.656854249492
        ],
        [
          0.707106781187,
          0.179533088331,
          -0.683935574593,
          -5.656854249492
        ],
        [
          0.0,
          0.967230965379,
          0.253898128412,
          2.5
        ],
        [
          0.0,
          0.0,
          0.0,
          1.0
        ]
      ]
    },
    {
      "file_path": "view_04.png",
      "transform_matrix": [
        [
          1.0,
          0.0,
          0.0,
          0.0
        ],
        [
          0.0,
          0.253898128412,
          -0.967230965379,
          -8.0
        ],
        [
          0.0,
          0.967230965379,
          0.253898128412,
          2.5
        ],
        [
          0.0,
          0.0,
          0.0,
          1.0
        ]
      ]
    },
    {
      "file_path": "view_05.png",
      "transform_matrix": [
        [
          0.707106781187,
          0.179533088331,
          -0.683935574593,
          -5.656854249492
        ],
        [
          -0.707106781187,
          0.179533088331,
          -0.683935574593,
          -5.656854249492
        ],
        [
          0.0,
          0.967230965379,
          0.253898128412,
          2.5
        ],
        [
          0.0,
          0.0,
          0.0,
          1.0
        ]
      ]
    },
    {
      "file_path": "view_06.png",
      "transform_matrix": [
        [
          0.0,
          0.253898128412,
          -0.967230965379,
          -8.0
        ],
        [
          -1.0,
          0.0,
          0.0,
          0.0
        ],
        [
          0.0,
          0.967230965379,
          0.253898128412,
          2.5
        ],
        [
          0.0,
          0.0,
          0.0,
          1.0
        ]
      ]
    },
    {
      "file_path": "view_07.png",
      "transform_matrix": [
        [
          -0.707106781187,
          0.179533088331,
          -0.683935574593,
          -5.656854249492
        ],
        [
          -0.707106781187,
          -0.179533088331,
          0.683935574593,
          5.656854249492
        ],
        [
          0.0,
          0.967230965379,
          0.253898128412,
          2.5
        ],
        [
          0.0,
          0.0,
          0.0,
          1.0
        ]
      ]
    }
  ]
}
