{
  "camera_angle_x": 0.85,
  "w": 256,
  "h": 256,
  "fl_x": 282.82095635596943,
  "fl_y": 282.82095635596943,
  "cx": 128.0,
  "cy": 128.0,
  "frames": [
    {
      "file_path": "view_00.png",
      "transform_matrix": [
        [
          -1.0,
          0.0,
          -0.0,
          0.0
        ],
        [
          -0.0,
          -0.25389812841210146,
          0.9672309653794341,
          8.0
        ],
        [
          0.0,
          0.9672309653794341,
          0.25389812841210146,
          2.5
        ],
        [
          0.0,
          0.0,
          0.0,
          1.0
        ]
      ]
    },
    {
      "file_path": "view_01.png",
      "transform_matrix": [
        [
          -0.7071067811865476,
          -0.17953308833076975,
          0.6839355745934086,
          5.65685424949238
        ],
        [
          0.7071067811865475,
          -0.17953308833076978,
          0.6839355745934087,
          5.656854249492381
        ],
        [
          0.0,
          0.9672309653794342,
          0.25389812841210146,
          2.5
        ],
        [
          0.0,
          0.0,
          0.0,
          1.0
        ]
      ]
    },
    {
      "file_path": "view_02.png",
      "transform_matrix": [
        [
          -6.123233995736766e-17,
          -0.25389812841210146,
          0.9672309653794341,
          8.0
        ],
        [
          1.0,
          -1.5546776513469185e-17,
          5.922581528940642e-17,
          4.898587196589413e-16
        ],
        [
          0.0,
          0.9672309653794341,
          0.25389812841210146,
          2.5
        ],
        [
          0.0,
          0.0,
          0.0,
          1.0
        ]
      ]
    },
    {
      "file_path": "view_03.png",
      "transform_matrix": [
        [
          0.7071067811865475,
          -0.17953308833076978,
          0.6839355745934087,
          5.656854249492381
        ],
        [
          0.7071067811865476,
          0.17953308833076975,
          -0.6839355745934086,
          -5.65685424949238
        ],
        [
          -0.0,
          0.9672309653794342,
          0.25389812841210146,
          2.5
        ],
        [
          0.0,
          0.0,
          0.0,
          1.0
        ]
      ]
    },
    {
      "file_path": "view_04.png",
      "transform_matrix": [
        [
          1.0,
          -3.109355302693837e-17,
          1.1845163057881284e-16,
          9.797174393178826e-16
        ],
        [
          1.2246467991473532e-16,
          0.25389812841210146,
          -0.9672309653794341,
          -8.0
        ],
        [
          -0.0,
          0.9672309653794341,
          0.25389812841210146,
          2.5
        ],
        [
          0.0,
          0.0,
          0.0,
          1.0
        ]
      ]
    },
    {
      "file_path": "view_05.png",
      "transform_matrix": [
        [
          0.7071067811865477,
          0.17953308833076972,
          -0.6839355745934086,
          -5.65685424949238
        ],
        [
          -0.7071067811865474,
          0.1795330883307698,
          -0.6839355745934088,
          -5.6568542494923815
        ],
        [
          0.0,
          0.9672309653794342,
          0.25389812841210146,
          2.5
        ],
        [
          0.0,
          0.0,
          0.0,
          1.0
        ]
      ]
    },
    {
      "file_path": "view_06.png",
      "transform_matrix": [
        [
          1.8369701987210297e-16,
          0.25389812841210146,
          -0.9672309653794341,
          -8.0
        ],
        [
          -1.0,
          4.6640329540407554e-17,
          -1.7767744586821925e-16,
          -1.4695761589768238e-15
        ],
        [
          0.0,
          0.9672309653794341,
          0.25389812841210146,
          2.5
        ],
        [
          0.0,
          0.0,
          0.0,
          1.0
        ]
      ]
    },
    {
      "file_path": "view_07.png",
      "transform_matrix": [
        [
          -0.7071067811865474,
          0.1795330883307698,
          -0.6839355745934088,
          -5.6568542494923815
        ],
        [
          -0.7071067811865477,
          -0.17953308833076972,
          0.6839355745934085,
          5.656854249492379
        ],
        [
          0.0,
          0.9672309653794341,
          0.25389812841210146,
          2.5
        ],
        [
          0.0,
          0.0,
          0.0,
          1.0
        ]
      ]
    }
  ]
}
