1 0 0 0 0 1 0 0 0 0 1 0
0.9965154747398847 -0.07591896488077951 -0.03454300761909932 1.0903570000514273 0.07587263794347161 0.9971139906234893 -0.0026518888361624277 0.05893300000407684 0.034644644830638 0.000021779151963312955 0.9993996938713898 -0.22813800005167978
0.9726243966885129 -0.2250340841643541 -0.057977960731790706 2.2230734602332554 0.2240963791088783 0.9743122354531625 -0.022281847242784657 0.20854038782761625 0.06150281161537674 0.008679217163507981 0.9980691736311829 -0.4001482730614624
0.8071401938536036 -0.5901652755233365 0.015154373376394699 3.907476962945454 0.5903547004943754 0.8067604194366467 -0.024878770761466894 1.0022858825508627 0.002456637979683351 0.029027111411051153 0.99957560581127 -0.6976868683712646
0.7687657490419402 -0.6374820245038412 0.05114578706471491 5.586672277010288 0.6387037484045209 0.7693778655017101 -0.010734144122715502 2.2114642300428877 -0.03250761255459073 0.040919048260156514 0.9986335096598169 -0.868817981990611
0.820049892143449 -0.5722423992074247 0.007537303552866794 6.511704271360608 0.5722916044672284 0.8199943209387643 -0.009572517145452712 3.0058640226725264 -0.0007027459307742236 0.01216347719629645 0.9999257752306677 -0.9718220333798472
0.7849429232680654 -0.6193354850740668 -0.01697539806469866 7.605864412061923 0.6174248120043772 0.7842109167896881 -0.061642838263958596 3.7573540184383183 0.05148988961673834 0.03790507770665613 0.9979539049231225 -1.0412405714491317
0.6760893744854353 -0.7340650832629214 -0.0636522681614167 8.439460442126807 0.7254119456543795 0.6782760904141715 -0.11712836665126962 4.541429434988206 0.12915365581283425 0.03301512845147009 0.9910748379832437 -1.1582596537510437
0.7829710724775775 -0.6206546158892461 0.04176299125642256 9.765630926956483 0.6212872669855165 0.7835777151274731 -0.002845388774199981 5.751946841687583 -0.03095854558888957 0.028174671798993828 0.999123494030663 -1.358469304995794
0.8257521941343202 -0.5638817020169664 0.01306675219039139 10.608563345707422 0.5640317513175777 0.825578894132987 -0.016960927680415166 6.46683332453271 -0.001223678055033905 0.0213755863686356 0.9997707671858658 -1.3643629788242635
0.8882418062318835 -0.4592419002337351 -0.011107237803765577 11.646943078928869 0.45813408580066967 0.8873579651571468 -0.052048065283468885 6.962225747624094 0.03375874834033575 0.04114266328126457 0.9985828098703775 -1.5063641477579528
0.9296514026058664 -0.36813880911837327 0.014902578765137519 12.614489994077088 0.3684267652344829 0.9292034076553031 -0.029030085439548364 7.4456802318499005 -0.003160425889097331 0.03247836853473591 0.9994674418336605 -1.579266502674215
0.9973148982887328 0.06259433634667687 -0.038012402037410416 14.608443344123286 -0.0632686009697073 0.9978551077530963 -0.016800835169498644 7.785898329524541 0.0368792324034895 0.019160714714639298 0.9991360213849533 -1.7223118295919733
0.87954578605341 0.4563750089364389 0.1346144919908479 15.79888730315212 -0.4483494042000972 0.8896457463612197 -0.0866790501494228 7.38833543367661 -0.15931736248477923 0.015883866017241587 0.9870996306408183 -1.854482214472072
0.7732059536389357 0.6332806355029361 0.03328948714386608 16.835819418317264 -0.632765408531517 0.7739211646038813 -0.025572812596867982 6.858666760421469 -0.04195820567238882 -0.0012913849812020534 0.9991185321580137 -2.020940889596739
0.5542579144008437 0.8317459225245556 -0.031573480767925814 17.34060616608287 -0.8289913464438093 0.5550291777028139 0.0686728433940101 5.935868548208253 0.07464256054897273 -0.01188832462181928 0.9971394866779567 -2.19412572499944
-0.263276669625039 0.963440577856571 0.04967542823715455 17.681477723784244 -0.9580181216657795 -0.25504164511470107 -0.1309772416000528 4.507858345921871 -0.11351948639383344 -0.08207321241783816 0.9901400476762349 -2.223501847775059
-0.5519770406843363 0.8333971678413991 0.027758011299407418 16.831486032003305 -0.8301493383337833 -0.546080005432692 -0.11246645602406681 2.9200240034348757 -0.07857113096643535 -0.0851221962860841 0.9932677328284093 -2.19680708168904
-0.6318530295543552 0.7735412144092121 0.04894628334515638 16.181257873780304 -0.7748294888099714 -0.6287498763908447 -0.06567233975560602 1.960242344465694 -0.020025291844587564 -0.07942029053597818 0.996640057963616 -2.2422160992255806
-0.5985171625694818 0.7984527787421425 0.06519483283763906 15.414637203690306 -0.8011052461137033 -0.5968082904439529 -0.045279676527891964 1.1013840408833127 0.0027551331873698773 -0.07932858612327635 0.9968447144188516 -2.308333799674764
-0.5424118474201579 0.8396326755974858 0.028396440749836705 14.183912883058259 -0.8376944533597314 -0.5379786796504012 -0.09405818971228729 -0.48511780942089733 -0.06369764978861561 -0.07480581735813387 0.9951616447094356 -2.2872792379112927
-0.6119210859245606 0.7899099288609798 0.03993605999280339 13.551303974108293 -0.7895230183156979 -0.6070634942955717 -0.09015163583275317 -1.481771120581519 -0.0469679481197222 -0.0866961255218088 0.9951270238863631 -2.258618944832511
-0.6167565142319034 0.7858235505519027 0.04574657965917369 12.769685054514117 -0.7870169077779268 -0.6145222937239205 -0.054467764668295546 -2.355278675572887 -0.014689759160086047 -0.06959668033960112 0.9974670486093894 -2.3043220127592985
-0.5007462427073742 0.8641349923960469 0.05023858408764596 11.713346681320829 -0.8641156089544931 -0.49565739101923134 -0.08733822238409829 -4.187251402506656 -0.050570888618384095 -0.08714623138548598 0.9949111113962162 -2.234589506180524
-0.5558388503651372 0.8297988888435841 0.049769232450532365 11.127214511867303 -0.830225130079298 -0.5511015040468107 -0.08374583943191678 -5.144649028762533 -0.04206430564713413 -0.08786885859789006 0.9952435168736989 -2.286051102414704
-0.49040836124228576 0.8683525522723423 0.07391538531162146 10.43904876798109 -0.8713694626587548 -0.48714548655908047 -0.058348388760185575 -6.087514550447975 -0.014659425959054258 -0.09302214729421286 0.9955561166219236 -2.367011399343573
-0.5074515341827367 0.8600201488972543 0.05346292122893985 9.875143187457223 -0.8607702718518426 -0.5030881993513256 -0.07730978443603737 -6.95714502418666 -0.03959140754876635 -0.08525026195963219 0.9955726559544119 -2.3780591742151818
-0.4981550742904649 0.8617352824626837 0.09619680305301005 9.344436514762275 -0.866528548450155 -0.49874498750242147 -0.019537455363385935 -7.974824965202714 0.03114155872027696 -0.09308995864306437 0.9951705697619397 -2.4765274677874394
-0.5298753965508542 0.8474984029398224 0.03128132261471069 8.430919563293052 -0.8430088993826215 -0.5223255278136171 -0.12849917725778218 -9.670294493590529 -0.09256381415961472 -0.09445898585458583 0.9912161420697039 -2.3174032830380407
-0.6335574802964087 0.7715084398604137 0.05813472615068557 7.790738205436938 -0.773565016214434 -0.630279225677235 -0.06591861170311962 -10.64488570514255 -0.014215655089626078 -0.08673421991264248 0.996130056893435 -2.3893276377913186
-0.5893268121176823 0.8043178380059431 0.07593894906209483 6.995378685651637 -0.8078883754257883 -0.5870860471694874 -0.05144264836482612 -11.639607234665093 0.003206457716973374 -0.09166672615705126 0.995784580089769 -2.4022457556396435
-0.5815948551240989 0.8108973324268006 0.06475292083201868 6.284165685355578 -0.813232640095613 -0.5776168328288969 -0.0707917192603304 -12.454467853188623 -0.02000243925869795 -0.09383128846932254 0.9953871567022997 -2.3623961785938143
-0.583049757362836 0.8116231584162941 0.03634321341732904 5.028143760238285 -0.8103696266409408 -0.5777955010308298 -0.09722873652555176 -14.145575268718536 -0.057914149022158044 -0.08614062752785087 0.9945982825403163 -2.4116535452124523
-0.5194091146779797 0.853431431013474 0.04323151799014007 4.389974385191128 -0.8530454633786071 -0.5148689019347465 -0.08499088909810106 -15.178676457497957 -0.05027533190954418 -0.08102349275859862 0.9954434110599066 -2.4272182910959357
-0.5417751915957985 0.838435111004247 0.059213228307812324 3.805546752227956 -0.8401989958942755 -0.5382633339040043 -0.06586524632003038 -16.108772602662224 -0.023351425429474684 -0.08543505141242139 0.996070059243108 -2.4473994747571464
-0.50417898544643 0.8620069713932826 0.052416904750173576 3.1643740596411067 -0.8633285092607841 -0.5015721769365956 -0.055580899782541444 -16.97102317723198 -0.021620262065039322 -0.07327572990059343 0.9970773448814159 -2.4567254809028944
-0.4825087466046568 0.8753594976605731 0.03051326441782847 2.580082753189931 -0.874249263523505 -0.47917989395181476 -0.07794135270148027 -17.947847950350763 -0.05360536053989463 -0.06428358334564728 0.996490886176904 -2.449465080817882
-0.5172943131392389 0.8548054759889814 0.04140279957991751 2.142698131144882 -0.8545015451124633 -0.5132283782065445 -0.08014824517038935 -18.929250168775994 -0.04726206718094451 -0.07683898764775307 0.9959227213910989 -2.4951408335030885
-0.5632354872646804 0.8255065525539249 0.036120874522246195 1.658512118061728 -0.8242039572922379 -0.5581631102429886 -0.09561265160891882 -19.98524014940086 -0.05876753074218453 -0.08362340613970916 0.9947630387564971 -2.5070643523274465
-0.42043382856165895 0.907089457744239 0.02059396635542877 0.9670567274659164 -0.9053360641889986 -0.4179035841850411 -0.07565186847705475 -20.763056164221492 -0.06001672000167022 -0.050451065147915676 0.9969216034100588 -2.540240243126761
-0.4013032726946222 0.9133747633358614 0.06857277175194892 0.6191590258617697 -0.9148317618707783 -0.39600020761981064 -0.07916238398048803 -21.984244234185237 -0.04515009188244314 -0.09450067336387631 0.9945004232964313 -2.592216099336189
-0.3801318704399036 0.9237923240248307 0.0459075500180802 0.18608846846278074 -0.923136083523101 -0.37583431515768523 -0.08104528886729563 -22.942079175514493 -0.057615383132370385 -0.07318681317529876 0.995652629185377 -2.6231216424645005
-0.5248042012404173 0.8467385626103563 0.08726028276916815 -0.406844843343062 -0.8502372074028721 -0.5165028237823429 -0.1015949022964772 -23.821830091887904 -0.04095413908473768 -0.12750937068864332 0.9909914827476641 -2.612367587181858
-0.5304819465132555 0.8462420449722291 0.04963170100577925 -1.0429329700905454 -0.8466013662572093 -0.5259131659398555 -0.08174025044336745 -24.75340413234228 -0.04307007168480781 -0.08537999304484073 0.9954171114225073 -2.611048597204885
-0.5543419446527492 0.8304679063395534 0.0550278560240881 -2.394537209979661 -0.8314049037054387 -0.5494947644883832 -0.08259170596619651 -26.408081857834954 -0.038352242348502284 -0.09153447623631315 0.9950630860236879 -2.6140257491437247
-0.5387223339570614 0.8389467565197971 0.07711411427727612 -2.963074601259725 -0.8412844258928194 -0.5308159021133553 -0.10234741234527409 -27.3657959836054 -0.04493063148949729 -0.12001174021110324 0.9917552221014309 -2.598077612954955
-0.5234786946155758 0.8499184798404226 0.06007190615686225 -3.5580851933432007 -0.8506092016211276 -0.5172175004141064 -0.09460466892734437 -28.321060990965915 -0.049336015252971904 -0.10062124473057275 0.9937008215292111 -2.581829260895446
-0.5536126313326167 0.8313748054020589 0.048259583210649895 -4.131057277486968 -0.83162421431977 -0.5488744250174153 -0.08448687305628022 -29.439525619482964 -0.04375180665986776 -0.08690683807670836 0.9952552340528066 -2.6238476971840403
-0.5936728166608787 0.802665665767794 0.05727491384091151 -4.867475529962336 -0.804013994091665 -0.5887053383814197 -0.08359139827749483 -30.42285195197401 -0.033377897817385746 -0.09567577310250892 0.9948527842744017 -2.635705941405668
-0.518037567224964 0.8546166941418699 0.035600351650832536 -5.491734689942705 -0.8545410055369301 -0.5152758731507749 -0.06519543239092046 -31.34174791803554 -0.03737310262172089 -0.06419564348714281 0.997237268937387 -2.7062396845229553
-0.45258448609016483 0.8914615775506882 0.02152994893957406 -6.53813430580812 -0.8893163572169968 -0.4494600626116145 -0.08427377352092183 -32.9662613144098 -0.06544997889070457 -0.05728793824185525 0.9962100142014252 -2.7317795417840536
-0.5397138713533198 0.840601010238784 0.0458135204317276 -7.003623930803203 -0.8406619306743721 -0.5352660908125326 -0.08232697213615092 -34.02524307673807 -0.04468171195969777 -0.08294669138552471 0.9955518022707536 -2.800789931708
-0.5635552086467378 0.8257618284760684 0.02286765049129126 -7.626605543446954 -0.8243904896294587 -0.5604194639772209 -0.07943768000127695 -34.9683938641413 -0.05278112745700333 -0.0636193919127235 0.9965775060460795 -2.7231980604514616
-0.4300614456262501 0.9021628567874669 0.033901811440361314 -8.227060141111728 -0.9013976741564815 -0.4269988162816996 -0.07179306316987732 -35.92213577513768 -0.05029300161201991 -0.06143444251480734 0.9968432290293936 -2.706790247037848
-0.5385561527099574 0.8403548215972658 0.061327352759411036 -8.710320099035425 -0.8424870070918513 -0.5359264369345129 -0.05475853427633725 -36.863211137474075 -0.01314964865174205 -0.08115804342704294 0.9966144985536934 -2.7762938749216843
-0.5721570501393408 0.8197178355736676 0.026438230240884947 -9.385219932176232 -0.8191312537596743 -0.5695519128239551 -0.06807795320569958 -37.82008967654963 -0.04074676784668535 -0.0606076615701001 0.997329640725198 -2.7925839494404356
-0.5503362976323919 0.834265214439923 0.03363794708035265 -10.017975824419434 -0.832722085208524 -0.545490150232094 -0.09494432476843724 -38.603292437835314 -0.06085957865643322 -0.08026236960915442 0.9949140986590175 -2.792626135849157
-0.5352687750163242 0.8439079099189366 0.03614938545501598 -10.671514080393292 -0.843764150481887 -0.5322030696590004 -0.06944026934795615 -39.582148679850874 -0.03936237866419576 -0.06767076341957792 0.9969309258539971 -2.8269573622511195
-0.6586574765663991 0.7475443499169148 0.08571915462999888 -11.303232381615173 -0.751882396158959 -0.6582783925432568 -0.03663905371224687 -40.57594421769902 0.029037749731110025 -0.08858331004181322 0.9956454219613474 -2.8803748912803764
-0.5566513452105583 0.8292747724211713 0.0494229875775573 -11.933054500795013 -0.8306808795753594 -0.5548755428603737 -0.045633411480116744 -41.42477117552226 -0.010419029858096904 -0.06645663067912129 0.9977349147221395 -2.814891926232687
-0.6567240740893112 0.7528141073328947 0.044546720553980144 -13.029412261910498 -0.7538046231141154 -0.6535560766742894 -0.06813989150194577 -42.8469142105883 -0.022182891680832442 -0.07832863105332427 0.9966807637724272 -2.887714983848583
-0.6742878670271281 0.7378678921566582 0.029779961455576043 -13.744406553416448 -0.7372673394224005 -0.6703441693747068 -0.08411637656454729 -43.670348069159196 -0.04210394994558937 -0.07867444508621324 0.9960108378372977 -2.8591161661127553
-0.6147277914669381 0.788055921866335 0.03282691593160307 -14.376671145230539 -0.7873365178177493 -0.6106216211838552 -0.08510254669175121 -44.53345782586921 -0.0470207412617193 -0.07816073025631654 0.9958312859802093 -2.8486442720754273
-0.6007654258815416 0.7977429443083014 0.05183722476842385 -15.078273589124215 -0.7989958719575095 -0.5970537890232622 -0.07164055839972662 -45.41309891178843 -0.02620113852925075 -0.08445689918110748 0.9960825932223109 -2.879397290763189
-0.603960030387435 0.7959724259622901 0.040745291778504264 -15.706634723110007 -0.7962301992168473 -0.6003091118500737 -0.07514279795745527 -46.253821135260345 -0.035351825264163805 -0.07782587832772858 0.9963399927298963 -2.8865576596868316
-0.6493632932738614 0.7594148868957646 0.04020376735604492 -16.452352843159705 -0.759662563336716 -0.6453115475750226 -0.0805344425138738 -47.148465027989126 -0.035215099222011395 -0.08283740777826969 0.9959406913362665 -2.8767688235655404
-0.5981773302154029 0.8002537431624451 0.042164299719884814 -17.217874735656412 -0.8005982204610609 -0.5944788046590488 -0.07508288890107881 -47.924143879164276 -0.035019580393775375 -0.07866954535043372 0.9962854669337499 -2.890678610218851
-0.5580568442348776 0.828024524008566 0.05429499279857565 -17.87030749252504 -0.8291486103954141 -0.553824530200605 -0.07609843380407125 -48.90881727512955 -0.03294147054949706 -0.0874858696502847 0.9956209530386401 -2.91246586386688
-0.5749493880080447 0.8167540347183554 0.048436019659580914 -18.529238949680796 -0.817465182671582 -0.5709438026043566 -0.07598584991559598 -49.807134134769406 -0.03440750425260593 -0.08328277756514675 0.995931776083152 -2.9479240385866734
-0.4948080810142576 0.8679211723412603 0.04333360779764857 -19.170170019934314 -0.8676597415469717 -0.49065821990037245 -0.08013166754061576 -50.74147967575159 -0.04828597996965623 -0.07724862358625009 0.9958419122995376 -2.9919584545325026
-0.5609249150872055 0.826407222319793 0.04913595966393322 -19.728581036102103 -0.8267404359594515 -0.5560794370605138 -0.08529895209226583 -51.69997627369816 -0.043168173276010434 -0.08846899217322797 0.9951430782756148 -2.983018928715311
-0.5149653829097213 0.8561913611518508 0.04179721873024629 -20.401324783728505 -0.8566880000009224 -0.5123360936072947 -0.05997831142702469 -52.61796128788932 -0.02993868833238988 -0.06669392982991207 0.9973242174261981 -2.9163930965481897
-0.5930691103281557 0.8009684658665117 0.08196674363434024 -21.020582270984608 -0.8046990906125102 -0.5930687891559195 -0.02699601630854194 -53.64379034161721 0.026988959631111694 -0.0819690674375337 0.996269375240176 -2.905611109940474
-0.6327436195045908 0.7738698399671695 0.02758591606994101 -22.2150970304346 -0.7715552496283111 -0.6270205115591697 -0.1074605734912699 -55.15040736901781 -0.06586356160446662 -0.08927905058447413 0.9938265655432591 -2.980315424778371
-0.5517546061971719 0.8333448459398255 0.03321479016540331 -22.950513290307963 -0.8314817566261047 -0.5465513815201432 -0.09959756902851716 -55.96095715521036 -0.0648455313662479 -0.08257090955022203 0.9944732786545234 -2.962080794317783
-0.5935527401759462 0.8035455785399469 0.044829095892367624 -23.64447991537706 -0.8041083111407448 -0.5898247431874867 -0.07427379267409609 -56.88221815856136 -0.03324106773261959 -0.08013286175294823 0.9962297706268762 -2.990995652084131
-0.6667555465984933 0.7430652152628425 0.05736834446390065 -24.43096388930334 -0.7451905230546089 -0.6635314633765015 -0.0664611274282671 -57.86130762098269 -0.011319250405477332 -0.08706367196381731 0.9961384399743014 -3.00618782117763
-0.6525486052554589 0.7561616502786677 0.04898853362775768 -25.18147651554221 -0.7577439356739829 -0.6510010474749811 -0.044964031578370624 -58.64788917497936 -0.002108489615549252 -0.06646198036712254 0.9977867304375326 -3.0002974086241463
-0.5351281491949713 0.8440371135650157 0.035202483776020414 -26.374288083137046 -0.8427377774808408 -0.5304872039501579 -0.0915224827667865 -60.300882647805906 -0.05857390499034053 -0.07864271975192778 0.9951805968185885 -2.9971333077824287
-0.5464132230674755 0.8344123979692568 0.07203151929682636 -26.953416566612823 -0.8374828114073447 -0.5451296375322401 -0.03816043607219132 -61.35356211259585 0.007424975034625863 -0.081176526158515 0.9966720831580319 -2.9832473556997394
-0.4391624997261997 0.8976396995029159 0.03713850711257463 -27.55847082592776 -0.8956027705260974 -0.43415321797321915 -0.09698794125806187 -62.202999343082446 -0.07093642407264755 -0.07585481658941329 0.9945924142783175 -3.0394310962518762
-0.39784526908430445 0.9159833961588245 0.051899516650776904 -28.045381789768726 -0.915286915466099 -0.39238608161784483 -0.09101112750180046 -63.164053978799664 -0.06300003368088455 -0.08371129502009067 0.9944965635145592 -3.046117029429941
-0.44222769700750225 0.8949797514451935 0.05870186115056904 -28.504595753847504 -0.8966430470726006 -0.43957658570620467 -0.05294970665865378 -64.14182588514316 -0.021584951605291038 -0.07605044248375817 0.996870312559373 -3.0419433960261872
-0.27046701216502345 0.960267437412189 0.06880438922302154 -28.94264639241997 -0.961882458844859 -0.2665412575802377 -0.06113831347129093 -65.17552645385739 -0.04036992317423535 -0.08271763205854735 0.9957550214031229 -3.099188567923154
0.1250415374245117 0.9904895384041825 0.05740285907847352 -29.10673425078504 -0.9882975494032775 0.1294418074840937 -0.08070174916770113 -67.21865929874163 -0.08736456811539871 -0.046640034167220304 0.9950839861292565 -3.149255067656202
0.24921044855412872 0.9680339224197703 0.028363310385856478 -28.89120787279584 -0.965230824579323 0.25066142463386826 -0.07415055955581322 -68.22001029993481 -0.07888984480508607 -0.00889804726409574 0.9968436272262142 -3.2132014959233843
0.39388938336669566 0.917248006192572 0.059222029741939027 -28.54870838478731 -0.9178605801200824 0.3959381454909983 -0.02765755605208644 -69.24530549912335 -0.04881709877317158 -0.043463548876038725 0.9978616190567059 -3.211099122555583
0.5691089162009978 0.8203914182919756 0.05543430610556653 -27.854043009217232 -0.8207443233311115 0.5708603829684479 -0.02229750831084923 -70.2196026995006 -0.049937933680528575 -0.03280768126517285 0.9982133333259586 -3.2538289062885077
0.7407955877532316 0.6640729573652996 0.10113854093000406 -26.789336557741574 -0.6618978807353251 0.7472979422273432 -0.058625770961786894 -71.60695050311693 -0.11451241261728248 -0.02351367344510934 0.9931435014728163 -3.3522808373243085
0.7454725607480159 0.6588306400018246 0.10105864122667642 -25.924735841262798 -0.6591253156574475 0.7512080520808496 -0.0352176198566307 -72.32978361631429 -0.09911851205131411 -0.04035653954047317 0.9942569437952404 -3.390412545250538
0.7834603298252532 0.6160105986949708 0.08198081413092365 -24.837292931594398 -0.617942180365591 0.7862202419277964 -0.002278795299421595 -73.21668897738417 -0.06585873757615238 -0.048874057315320116 0.9966313025419249 -3.4900201865275964
0.8756229826295445 0.477959918360867 0.06956082756417868 -23.958471091070233 -0.4774956265586481 0.8782997754294194 -0.024236977905573536 -73.79992678022752 -0.07267956320936483 -0.011992536058090886 0.9972832396920102 -3.578468575694619
0.889440877365963 0.44626716641191244 0.0986941834818448 -22.94060993777748 -0.44719847184932665 0.8943296329937456 -0.013712560843974332 -74.4185005769482 -0.09438459856402705 -0.03193937588549931 0.9950233282802731 -3.74810223996476
0.8488999744088205 0.52288866154298 0.07717694654813743 -21.028811106322543 -0.5230132946802 0.8520849353484686 -0.020207833628529407 -75.40999040853347 -0.07632776058856683 -0.023210139637382752 0.9968126014359707 -3.8161272694711457
0.7965392205756161 0.5999783287010836 0.07450688004369144 -20.063892454534468 -0.6002877066589757 0.799516960485607 -0.020671215009368218 -76.07525698676717 -0.07197179530133942 -0.028260130659829793 0.9970062315232494 -3.852261293824717
0.8331615235264451 0.5488821802128302 0.06760346115328009 -19.15204376770749 -0.5487974062961596 0.8356792133059356 -0.02148625818937518 -76.79575333368996 -0.06828823147293138 -0.019199080529620875 0.9974808834003368 -3.9392113957464128
0.910094723169407 0.40767806462018014 0.07433835138570645 -18.04752638804931 -0.4084990745217727 0.9127476527918005 -0.0044976035745905385 -77.39177992193133 -0.06968573006043349 -0.02627390246239272 0.9972229344912509 -3.9888220505054877
0.992702246202927 -0.07765945643665136 0.09225648600302885 -16.185747230853796 0.07660471379095346 0.9969498321600124 0.014924810924407499 -77.79423205833433 -0.09313414094020137 -0.0077486116231922164 0.9956234181703661 -4.115472029839939
0.9592174656979265 -0.2747690932761194 0.06636112476643252 -14.196540217311336 0.2764560753984607 0.9608661462308505 -0.017558115011424742 -77.52019923197614 -0.058939730872539606 0.03518798669564696 0.9976411748303993 -4.173968178792785
0.9098407700104 -0.4096924360562924 0.06589295155889593 -13.253753585556666 0.4102856603137653 0.9119439719081204 0.004885595290104491 -77.09916717662956 -0.06209227140135699 0.022589819359656763 0.9978147372601381 -4.154205625025931
0.8004957704282086 -0.5983475588393014 0.03444880778194885 -12.18719386990612 0.5992797730867778 0.7998981409513015 -0.032042435483462625 -76.6042212196016 -0.008383024251973901 0.046294307789406894 0.9988926678931479 -4.179134512520335
0.6827546660620878 -0.7284553280447195 0.05655882790252457 -11.448168152178937 0.7298983626754968 0.6835128252682783 -0.007654923736095447 -75.79132618963511 -0.03308241427218211 0.046508630780066534 0.9983699219872796 -4.183364855247265
0.6362293155880587 -0.768999918423735 0.06205951539159532 -10.735126593969214 0.7703743048693695 0.6375860886661199 0.002722119849351194 -75.0815744233152 -0.04166159362513274 0.046077163581628784 0.9980687384207994 -4.220708921285814
0.6217312539811343 -0.7820241125375508 0.04345728055115887 -10.019496162742149 0.7827629170840482 0.6223200261937536 0.000025224540175574536 -74.23081388744478 -0.02706406216955156 0.03400106480777052 0.9990552858229722 -4.177064880700977
0.6471767041896644 -0.761383235227849 0.03818222974339352 -9.288863666544671 0.7622891743391859 0.6468998251474863 -0.020876563640448598 -73.33375094458322 -0.008805012179737573 0.04261672603715186 0.9990526945173559 -4.2074856218518075
0.6059569065510141 -0.7944030673541611 0.041713235087032535 -8.512307506766934 0.7952732748722008 0.6061975626397132 -0.008058121599704694 -72.5593816165976 -0.018885064923658264 0.03805629551034729 0.9990971287591905 -4.166759038699115
0.5119058246132211 -0.8580213177068545 0.04185504853242071 -7.943019828807617 0.8586710041489897 0.5125082566883993 0.004403800629440188 -71.59802493088792 -0.025229612775949786 0.033685385359392625 0.9991139882177434 -4.1300877833914935
0.5741819420889651 -0.8175527777975937 0.04384692571187523 -7.363144539066342 0.8185408413757103 0.5743712844194234 -0.0094084342122477 -70.68720739190924 -0.01749252351402378 0.04129265249194124 0.9989939581755691 -4.156521599061317
0.5687352015866698 -0.8213122326062963 0.04457002409054403 -6.761256434136645 0.8222755584747747 0.5690531812457263 -0.006432950265345354 -69.67368036080609 -0.020079253252246652 0.04030748671624454 0.9989855504978298 -4.124960345961701
0.4736867183492826 -0.8797274874815427 0.041236399320251436 -6.111688299250406 0.8804911410228682 0.47406198250545 -0.0007663701782883272 -68.88448001727944 -0.018874412301718466 0.03667130366395693 0.9991491240289663 -4.1132013985953035
0.4977378266820142 -0.8662615987879214 0.04298718826882707 -5.575197510442948 0.8671817105191646 0.49795135004725616 -0.006350899713492982 -67.93406777547945 -0.015903987893645864 0.04043878647424031 0.9990554377598722 -4.074703780497907
0.4687252345353812 -0.8824422507611606 0.0399039920475346 -4.9659904778489725 0.8832906125354579 0.46871515760436366 -0.010187975198871307 -66.93114906044674 -0.00971330615641259 0.040022182642808435 0.9991515783803864 -4.0913643323656474
0.5566791683629412 -0.83019636241985 0.02970359129118016 -4.496073778756924 0.830718110296722 0.5564875395418388 -0.015134052983683175 -65.94705885449991 -0.003965442697462245 0.033100123255352686 0.999444174081121 -4.1010458909488525
0.6484186224754875 -0.7590201824551254 0.05866560025073859 -3.7263089160486476 0.7602180475514808 0.6496617811945875 0.002844333329735456 -65.1079400219905 -0.040271704756643587 0.042754329381524035 0.9982736383953698 -4.122267413241857
0.6270264550276036 -0.7778452962813942 0.0423617722531355 -3.0209087831537316 0.7786216663233082 0.627486259827755 -0.0030486815658587944 -64.39447540077323 -0.02421002741493221 0.034895397694893415 0.9990976858106934 -4.087627559175551
0.5736904022374184 -0.8172254714031317 0.05497136773447046 -2.330441439398995 0.8184036440974016 0.5746408540415548 0.00183417406107721 -63.607421294489804 -0.03308772746446768 0.043936519620036064 0.9984862465426927 -4.065576724710374
0.6350838321525194 -0.7707446354866953 0.051197978543616636 -1.7206272428069642 0.7710396038826854 0.6365296946322537 0.018107376833793393 -62.63494469509613 -0.04654519720553938 0.027975966826029156 0.9985243561862905 -4.02802148113332
0.5776524360281822 -0.8150689380103809 0.04450044315887765 -1.0758646321373613 0.8155195580122536 0.5786110586156578 0.011708686825015824 -61.662916136736946 -0.03529183546098588 0.029527430269115876 0.9989407475979231 -4.038500591776711
0.4963708348370484 -0.8673538872651226 0.036238495681419854 -0.41567990613470035 0.8681101848733007 0.49589766763327664 -0.021684329713420637 -60.70853374293666 0.0008374021827193278 0.042222476028260084 0.9991078827011763 -3.99172546447544
0.5278633061341814 -0.8487020201305622 0.03263757134644502 0.22973813556640138 0.8493242780808027 0.5276029659669168 -0.01683392305540084 -59.77416311249651 -0.0029326949405001535 0.03660589200136234 0.9993254764946056 -4.004428045991425
0.5466221797824496 -0.8360915825122429 0.04642260464532936 0.8327485852682296 0.8372500996681801 0.5466713400028644 -0.012756042689421819 -58.739983452495096 -0.01471268756909303 0.04584006622644829 0.9988404402870605 -4.009649947366587
0.5207743245402184 -0.8527403195945572 0.040349104543366744 2.1062472872396922 0.8535630064205421 0.5209414315558641 -0.007086533627408426 -56.8905437586969 -0.014976547332564816 0.038130987743558 0.9991605130326641 -3.9910535328892864
0.5404241895636414 -0.8402346646820902 0.04412939611027504 2.631449973962387 0.8411572694842052 0.5407700345307811 -0.004713570563127601 -55.999285565923664 -0.01990334967681109 0.03966708988763516 0.9990147039215631 -3.9665994409160596
0.5880989617921374 -0.8082789939831768 0.02871722522379182 3.2869274528724746 0.8085048824355828 0.5884627085467011 0.005612105460965145 -55.07426668337283 -0.02143516309325453 0.019917543408376343 0.9995718209552232 -3.9500174861646435
0.6028888545930848 -0.7965133480827591 0.04573308794988378 3.964635486104934 0.7974303973248976 0.6034027770265774 -0.003138486716649357 -54.170900211745874 -0.02509562570836899 0.038361113156526634 0.9989487647360588 -3.9410898182410503
0.4817141490424655 -0.8762915702999058 0.008035075209253366 4.53881736440762 0.8762656386548462 0.48154965553535073 -0.01638474188380466 -52.944331736083846 0.010488523495101211 0.01493362230371355 0.9998334750346094 -3.907035218038615
0.4062140916738013 -0.9136250363667823 0.01671540156337212 5.41919979666887 0.9136790191427342 0.4063713043429721 0.0072810016455679355 -51.3137011423421 -0.013444764929142709 0.012314866235068962 0.9998337773678244 -3.946662439690744
0.5302203475127919 -0.847758407781045 0.013117359488956128 5.941603576662121 0.8478107699268408 0.5299596551046094 -0.01896476621160557 -50.25176445985713 0.00912586869684012 0.021176543578955435 0.9997341009101253 -3.886875625578978
0.6029647229128658 -0.796453492296472 0.04577529389708705 7.17483591511832 0.7972577275111548 0.603638019672004 0.0011212181816828576 -48.61588165074139 -0.02852470589436923 0.03581865177830351 0.9989511326078089 -3.8764876020938837
0.5729618949850435 -0.8184159221539722 0.04370406457083966 7.846553884960776 0.8192736074165933 0.5733941344998783 -0.003150033608978915 -47.7468992277352 -0.022481616617814913 0.037610435865586773 0.9990395547866209 -3.9172196929611074
0.5741857528436464 -0.8174774471403805 0.04518124221644692 8.474144618377393 0.8184664369316952 0.5745166429813906 -0.006581683198731106 -46.79130216856563 -0.020576998024736733 0.04075843905548492 0.9989571246044798 -3.843524045121646
0.4911766668989085 -0.8702873044176287 0.03668091688571959 9.192657703428294 0.8710372002543785 0.4910326592260674 -0.01345820739886764 -45.991264887112585 -0.006299021121791293 0.03856080059951088 0.9992364019540279 -3.9266489452705695
0.4680411498576055 -0.8831014948614105 0.03269911028625804 9.705013164688172 0.8836852564772094 0.4679668952575278 -0.010361101671096124 -44.99550139031217 -0.006152196744187609 0.03374514359981993 0.9994115347336392 -3.7905713804653667
0.5142807476992197 -0.8558883483144177 0.054501814332645976 10.695456505533103 0.8565024348320739 0.5158172445042065 0.018334377513739515 -43.400525879877286 -0.04380515577715281 0.03725191930231122 0.9983453324554752 -3.824525898070975
0.512530455097127 -0.8570842614712063 0.05214500298484136 11.29493665689327 0.8573371876737501 0.5141720431093127 0.024496055120367902 -42.440242542159574 -0.0478066860344555 0.032150875931336774 0.9983390415821924 -3.8729966587057016
0.5166151240012383 -0.8546635702950054 0.051565446413070246 11.841959771347362 0.8559983559082516 0.5169084915870304 -0.008510347089896519 -41.40066943079021 -0.01938113349509137 0.04853651136840367 0.9986333555057282 -3.8514662416335206
0.5951152788150089 -0.8032923317181685 0.023648144191920385 12.669278066496783 0.803526202839082 0.5942771385402525 -0.034355843162633536 -40.44317992451744 0.01354423390009389 0.039447590689380196 0.9991298420710207 -3.833151036815753
0.6637329267378329 -0.7470288810219623 0.0375027050105062 13.274465952147006 0.747958839085601 0.663158135543645 -0.02790810448592073 -39.567361555572354 -0.004022063867049271 0.046574007572373295 0.9989067448069904 -3.8385160505870215
0.5609496248779006 -0.8257984475494249 0.058244676789414355 13.906899755461362 0.8275106414544073 0.5613443372598333 -0.010893727829982432 -38.687136103370726 -0.023699295961241533 0.054308922391063566 0.998242898456915 -3.8845058163432378
0.5558231106881936 -0.8295103413763061 0.05452763679699333 14.5417420314166 0.8303807420702958 0.5570972518852918 0.010510715515170816 -37.89078489628048 -0.03909594382650286 0.03943660091362607 0.9984569403257681 -3.7714933535758433
0.6188331732073549 -0.783006287941377 0.06282242260834568 15.250045186915532 0.7851345377446979 0.6190593827525115 -0.018144923987140432 -37.06339622496488 -0.024683220586790698 0.060552734623174065 0.9978597621665678 -3.7953714693495657
0.6271459679600084 -0.7777662299292317 0.04204314989595187 15.98307702986485 0.778488181005974 0.6276579213243063 -0.001298396265005346 -36.21160482617744 -0.02537886730163196 0.03354437926867346 0.9991149522021804 -3.789993993710751
0.508617063448062 -0.8591077931747954 0.05694280003479989 16.581844802635242 0.8608688315462406 0.508552875496973 -0.01669813450570663 -35.21485805427747 -0.014612927211213093 0.05751323786828261 0.9982377922259936 -3.773690218006854
0.5309999594881227 -0.8467483038717598 0.03250158325235562 17.19033933495622 0.8471737436636354 0.5313145025672166 0.0012439488302128147 -34.24522948409113 -0.01832187410045823 0.02687395118044516 0.9994709098705166 -3.73894289338213
0.5296541874936247 -0.8476333824450928 0.0313702189211354 17.797753610840495 0.8480521354893469 0.5299127934564292 -0.00008260243414490371 -33.29571565979553 -0.016553463759186118 0.026647331871979152 0.9995078301552607 -3.7636297810937536
0.42285463348326024 -0.9053566089192974 0.0390303680214275 18.338939679639278 0.9060945871331839 0.423063427865338 -0.0031520105924869204 -32.27382518534876 -0.013658627664699101 0.036698047481852986 0.9992330534971995 -3.7711011911598638
0.5174600462476732 -0.8555865996297001 0.01437605896768926 18.86187438693553 0.8556583002305556 0.5171774347276359 -0.01940036739596481 -31.318942762982896 0.00916372107347764 0.02233990919024504 0.9997084348316058 -3.7571524889781003
0.5253607058177425 -0.8497040922381298 0.04471112184299331 19.470549700950077 0.8506976635071503 0.5256093553948802 -0.006949160010700734 -30.433052125951722 -0.017595854232167706 0.04168646249268 0.9989757878741041 -3.7486859796754852
0.49047159783037597 -0.8701920615019467 0.04694025799577891 20.603350613204388 0.8710350342557459 0.4911986884934241 0.004670922974324695 -28.66921592800661 -0.027121593257213965 0.03859565417676718 0.9988867776969809 -3.6516616823358388
0.5491094582167557 -0.8349758350219647 0.03597440515525363 21.16465102394871 0.8356429567859038 0.549220294089529 -0.007610343903118066 -27.53511350474007 -0.013403420123753952 0.034240670110034656 0.9993237337516815 -3.610737116919064
0.5772258162236177 -0.8163558240172119 0.01932681241585299 21.786385640253176 0.8165622504682402 0.5772233334190601 -0.006270124945482577 -26.654074774427933 -0.0060372340704832415 0.019400823430146746 0.9997935586184835 -3.5939267873499685
0.5136146366660077 -0.8576019720662024 0.026811611488416657 22.45190803137603 0.8579649076239368 0.5136875101578497 -0.004621600770146778 -25.743196514535956 -0.009809296014223796 0.025377143574282553 0.9996298206314758 -3.619863798306978
0.4976139486613872 -0.8673535539160483 0.008841414299930348 23.057166780062616 0.867202687743873 0.4976923391910947 0.01618128178787963 -24.69126837766748 -0.018435196430324298 -0.00038473328051265364 0.9998299833036007 -3.6599716808386065
0.5189663133949444 -0.854601827612961 0.018157141896426334 23.637472969691913 0.8547462900227151 0.5190458866355044 -0.0003837436223189044 -23.72721617179068 -0.00909644181342867 0.015718899686350114 0.9998350718688485 -3.703159690699629
0.6148653974518465 -0.7884342375975303 0.017663408515464968 24.20877055457897 0.7883212411332214 0.6150976503341201 0.014300396205055105 -22.854618114639184 -0.022139643054029465 0.005131621327214391 0.9997417179791961 -3.6419612513527655
0.5177741909947609 -0.8550279282968528 0.02893318116130095 24.838307114260402 0.8555154811289633 0.5174067424910505 -0.01958377832487805 -21.968184770589502 0.0017744543947731584 0.034892759380586356 0.9993894869641213 -3.648504245680937
0.41499554067499134 -0.9089695679424958 0.03940844800679297 25.739263776582295 0.9097907911843692 0.41495815485437987 -0.009510309982773739 -20.211631016926212 -0.007708274514532537 0.03980017932473626 0.9991779262122076 -3.550377351970463
0.42230061586891887 -0.9052102485074092 0.04750364021720953 26.212045952551748 0.9064293759227718 0.4221084549932105 -0.014499609908507042 -19.316181013508324 -0.006926492690099545 0.04918188915036674 0.998765821140579 -3.539193749955686
0.21589025316052568 -0.976149267401743 0.022891184795133517 26.68264787392139 0.9744832417460532 0.21392834723738072 -0.06794905300580673 -18.23033714976902 0.06143134498273206 0.03697661422201134 0.9974261475689764 -3.564771844315682
0.2900448309920127 -0.9565941919943259 0.028311620538879853 26.73322058194303 0.956992930103435 0.28971991170355094 -0.015063349379476104 -16.59774335335583 0.00620707232567942 0.03146306732042304 0.9994856415416552 -3.5702416601963
0.35263379933812145 -0.9352983651072514 0.029434194265591584 27.29665098005434 0.9349597089938187 0.35085558564197705 -0.05244712177058864 -15.436617736669577 0.03872655577965857 0.04601441351933674 0.998189825447002 -3.424500541404235
0.407243492230948 -0.9121276420018273 0.04664657256142677 27.891577998219358 0.9129246891272227 0.4080379417963834 0.008576131793281221 -13.751376738392414 -0.026856098329922765 0.039092233893162166 0.9988746403987518 -3.453813367967882
0.3193617446308865 -0.9471200993348653 0.031170394643498234 28.486195835882448 0.9476015272764613 0.3194459396411391 -0.0023742683310511606 -12.774743520099966 -0.007708538748324707 0.03029536404641527 0.9995112652429989 -3.45823468847691
0.2438478573168656 -0.9694059201796532 0.028113776029102873 28.855342168010825 0.9688737530212351 0.24223333179218784 -0.05105549603522792 -11.812379684410777 0.042683406477469835 0.03968847300535548 0.998300031013714 -3.3493565395837273
0.4153835099036812 -0.9091680109567988 0.02949690751514966 29.068879661077528 0.9092909263631586 0.415909261220905 0.0144740341408354 -10.736228148574138 -0.0254273658432713 0.020808995255412972 0.9994600716300437 -3.367648430124323
0.2601055274330129 -0.9651334061241453 0.029370444021158723 29.99948653604268 0.9645883807670849 0.25833981376018245 -0.0531958298693359 -9.005481491893576 0.04375351743491267 0.042166918426180214 0.9981520829525491 -3.352956008508288
-0.01564939421048363 -0.9996521528918075 0.021228982067423418 30.177869311107386 0.9919108393647562 -0.018196036763264308 -0.12562559849335944 -7.816907962067572 0.125968183330354 0.019091292907606725 0.991850563000075 -3.2909903095493944
-0.456480873843254 -0.8893007828205056 -0.02773678947057332 29.864902515864365 0.8862579639460572 -0.4572295270957145 0.07408090775644517 -6.842316891780562 -0.07856228839264402 0.009234566945172908 0.9968664351937255 -3.309937324568661
-0.6596787679243952 -0.7510108197657248 0.028401967265779784 28.599283619947734 0.7506998712297784 -0.6602584361833171 -0.02254996195906328 -5.116273016147754 0.035687903907995415 0.0064456220471964115 0.9993421973833981 -3.151692970387058
-0.7154012783328384 -0.6955174527245942 0.0667569016299637 27.672476673528752 0.6938534058398848 -0.7184245693858472 -0.04933142312109168 -4.322270583968233 0.08227066405550093 0.011027740396461334 0.9965490087183945 -3.0467580262165845
-0.7475325644345877 -0.6634401719071822 0.03228317533356376 26.98790573470623 0.6626707847677914 -0.7482249517695061 -0.03204454032687573 -3.5690611822186082 0.04541471265007131 -0.0025612202735880558 0.9989649363344146 -2.952197125347872
-0.7597975392965473 -0.6499082726333765 0.018081383841219368 26.13477325759992 0.6499902921591434 -0.7599406180541857 -0.0016962105690793057 -2.8868014398423916 0.014843159292544051 0.010463947349080596 0.9998350796146789 -2.951205579436803
-0.683386662543903 -0.7294474425144833 0.0298177475035684 24.6911953160354 0.7294795507370274 -0.6839003141397357 -0.0118298510589039 -1.3495197798950649 0.029021621484874482 0.013667074619357423 0.9994853458444188 -2.746621261818005
-0.6822749853059549 -0.7284239517504254 0.062445103427358456 23.832992420546837 0.7288470133130961 -0.6843847615041924 -0.019988231673386713 -0.4297128986902287 0.057296383920268604 0.03187545665780564 0.9978482247579127 -2.7736999919176974
-0.7706900654121108 -0.6329298104059043 0.07373383331024254 23.098782454227234 0.6307151541006745 -0.7741895463607157 -0.053187787071391775 0.4237791683568198 0.09074809894889889 0.0055137469415267445 0.9958586150311828 -2.7122373935119573
-0.7156368188537602 -0.6958456310696046 0.06052108080838237 22.260978882710184 0.6961840815037318 -0.7176177668630397 -0.018774060384216324 1.160511769839543 0.05649485075364271 0.028698404203867857 0.9979903473653813 -2.6498258846091343
-0.7523764996976753 -0.6586931994065599 0.00727129687361729 20.906768333108364 0.6587023884479892 -0.7521883319249224 0.017996576588822963 2.4408630935959517 -0.006384837945359774 0.01832982191820586 0.9998116079906547 -2.492879720849779
-0.8157821736445087 -0.5776311581890636 0.029011898472899228 20.077010669629896 0.5774724937254757 -0.8162826699803185 -0.014426422989881362 3.136907549166453 0.032015061366826504 0.0049847546542549125 0.9994749561978604 -2.4198491332490466
-0.8033201048453694 -0.5950867005502165 -0.023422808957988126 19.23648330689374 0.5953769609241762 -0.8034098372286497 -0.007675144619304647 3.762078279644832 -0.014250738644627298 -0.02011099879399771 0.9996961859363026 -2.3108883923642924
-0.6792272259406075 -0.7339072405869257 0.005526097638583444 18.23405625108851 0.7335014184517461 -0.6790698466584092 -0.028979518432889453 4.576951745114285 0.025020884682672145 -0.01563027745786235 0.9995647301482216 -2.224193895054178
-0.6237193619992089 -0.7816456965932891 -0.0020402118744106664 17.615569256956515 0.7816111951321376 -0.6236621297655858 -0.011379259218675745 5.3928791823728695 0.007622146115929433 -0.008692116741376934 0.9999331727646311 -2.1557900334685263
-0.8251987143973142 -0.5636006588795676 -0.03743499789686618 16.102245301672042 0.5641291592589533 -0.8256743549097808 -0.004489021954132755 6.88186026582434 -0.028379102008469874 -0.024822509035871496 0.9992889820339044 -1.9206240933605858
-0.9755401615422334 -0.19409903653475827 -0.10318409390226825 14.437616422411335 0.19630226044608243 -0.9804754481818155 -0.011546343855377804 7.655752465575964 -0.09892833649623312 -0.03151919302499355 0.9945952567296616 -1.7562505955290655
-0.9858501047023996 0.1676253296086835 0.0011488828700247276 12.254700229540246 -0.16758288111130545 -0.9853929333744045 -0.03027779407785117 7.664966841012257 -0.003943224150726354 -0.030041899563225425 0.9995408622232161 -1.5602791688736795
-0.9389816405185886 0.34392772522387266 -0.005215226874561802 11.152023316192295 -0.3436018192711794 -0.9385749352464285 -0.03185719260542237 7.260595928036988 -0.01585145301088903 -0.028121357532944688 0.9994788245320397 -1.4616221308859134
-0.7273999800247407 0.6814134732265686 -0.08102436402286853 9.838648764163956 -0.6687150788871074 -0.7303870691518259 -0.1391217901150475 6.598780580360539 -0.15397860997234586 -0.04701497337136151 0.9869550040148104 -1.3153803135537152
-0.7157626369921765 0.6973184492082695 -0.037826285566784475 8.220918081909032 -0.6906106269009009 -0.714836076597226 -0.10984691896739673 5.114758915975168 -0.10363787675145801 -0.05250108559696041 0.9932284865596586 -1.075830667135261
-0.6329129922450831 0.7742226812232204 -0.0006197797217695743 7.385056628879354 -0.7706388526408086 -0.6300598113247768 -0.09560540232563042 4.255593909078219 -0.07441036922253531 -0.06003227492703527 0.9954191192252893 -0.9966289986830534
-0.638509217812622 0.769608835717296 -0.0028668369645702073 6.802173322612241 -0.7657841164288761 -0.6356983751436239 -0.09727416339913443 3.435249626369326 -0.07668549923916095 -0.05991507177349949 0.995253494533336 -0.9382602999631849
-0.7672715925749559 0.6410244394623257 -0.019544084514338058 5.884794368005166 -0.6379547545224192 -0.7660070942328211 -0.07903709741147487 2.6689243982643185 -0.0656356184531886 -0.048174677964694414 0.9966800720357889 -0.8585320955599025
-0.8339380476912238 0.5511283513241847 -0.02837028339015563 4.313043575599514 -0.5477633969150172 -0.8329067280724938 -0.07887739430086764 1.490810248396535 -0.0671013681907687 -0.050238657409003046 0.996480548575168 -0.6544703488654375
-0.8950191139743018 0.4444968060456452 -0.03692390872965217 3.2484785889221266 -0.44166043319385717 -0.8947697572782963 -0.06575061377015515 0.7999369302438497 -0.062264334668171675 -0.042540226555082127 0.997152687281628 -0.5424714520045184
-0.9910405723500673 0.1143163300406789 -0.06906779743181017 1.2447659715639767 -0.11247008121590853 -0.9932001438381219 -0.030065846258180637 0.24534937550777333 -0.07203516354765863 -0.022028412697336824 0.9971588059314817 -0.311453246967845
-0.986021713815947 -0.15023649706146242 -0.07204286803121866 -0.6364062311189015 0.15128877355104256 -0.9884454088264458 -0.009347768040685206 0.4289060971932983 -0.06980606621837183 -0.02011637941137309 0.9973577314075897 0.004384817986801483
-0.947466210214293 -0.3198337348624278 -0.0037633158404441766 -1.8076180784054288 0.31984213696006947 -0.9474689832775236 -0.001879668021529562 0.6934131050030979 -0.0029644437894705885 -0.0029845889172828936 0.9999911521118644 0.1697045845127152
