1 0 0 0 0 1 0 0 0 0 1 0
0.9854565569946842 -0.16537197703568798 -0.03908303324321968 1.2345910115085825 0.16423094386914427 0.9859403948834011 -0.030817767813601585 0.12658200182191293 0.0436299364202232 0.023950927925050245 0.9987606228218534 -0.098480000895898
0.9691760029049108 -0.24077230874342936 -0.05221657529577611 2.3825270247078594 0.24066478347187834 0.9705716749983094 -0.008431232852318865 0.34630424795843606 0.052709936346903005 -0.004395342231829981 0.9986001920573473 -0.23965954536160322
0.9167216842296841 -0.39450443113071243 -0.06314750574111429 3.426208792524979 0.39280939447041396 0.9188408207073526 -0.03784608061114495 0.6580019746075237 0.07295295250281457 0.0098893892668571 0.99728635140618 -0.3606133016224268
0.8369318860303729 -0.5459798749486411 -0.03809191904733725 4.3319612075098854 0.5452297420013462 0.8377916389474336 -0.028804481368682685 1.1106090473053758 0.047639758424955464 0.0033385417235024376 0.9988590028409279 -0.4113564987830059
0.7322400391859293 -0.6810466194854311 0.0001646221600030247 5.196790672746057 0.6806878290766342 0.731846390824552 -0.03263341208050922 1.8132955855716477 0.02210439684605786 0.024007547241312974 0.9994673748129692 -0.5853677700882508
0.6662857592876958 -0.7449696414960573 0.03291686831481528 6.707691735689741 0.7456354153944099 0.6661468096912685 -0.016620928005111838 3.4360688741853926 -0.009545380035641858 0.035618270415352406 0.9993198809853602 -0.7126343596975646
0.6138523872424725 -0.7889706930146044 -0.02665506032206362 7.407081339622795 0.788349074838415 0.6144283050880842 -0.031362303933205195 4.225557338194032 0.041121562204421744 -0.0017616670058389784 0.9991525977803531 -0.6820468215729906
0.5404557312977513 -0.8413632344192236 -0.003938308651596315 8.16390654089496 0.8372767258936783 0.5382802440627436 -0.09603157360220503 5.287253849125469 0.08291734911449464 0.04860336016548629 0.9953704971499048 -0.8886585736369825
0.5617257141009935 -0.8259952189629883 -0.046862782333250703 8.852175556697102 0.8210655309457653 0.563535523028675 -0.09098960477739149 6.289389912706691 0.10156582107420468 0.012633785461301122 0.9947485971110693 -0.914646895894308
0.6300702577806829 -0.7764537036588328 -0.011450604117928668 9.493263928684879 0.7747920383239711 0.6295734563654293 -0.057745652562534514 7.1586454943554365 0.052045822214372664 0.02751198129121905 0.9982656576660653 -1.2194523157836323
0.800871388203427 -0.598333741915207 0.02453065108925492 10.916365071585819 0.5985332510286221 0.8010973365845723 -0.0010023623164243528 8.38589825855468 -0.01905169205674659 0.01548517364613809 0.9996985757851835 -1.3555958291528845
0.9795636709016506 -0.184478529659375 -0.08014166671836556 12.69983455314444 0.1844268353886899 0.9828127768092636 -0.008110988162814567 9.14706317043207 0.08026055717596005 -0.006835044636236743 0.9967504828825643 -1.4312821059115632
0.9978281073209121 0.010643007349741058 0.06500611228892099 14.29041695864841 -0.010456796018401757 0.9999401928036247 -0.0032040962656260923 9.28966820637163 -0.06503632567570206 0.002517381656249168 0.9978797217762272 -1.5677418334769784
0.9903264654500967 0.13874348252741933 -0.0019333611358695393 15.510558555997488 -0.1387565840451862 0.990195597153377 -0.01610247689575125 9.158728408374577 -0.00031970803738836723 0.01621497561610015 0.9998684775271897 -1.5573481830854552
0.8932200772593863 0.43792652954626093 -0.10187368796850098 16.83843465422623 -0.43290359799021916 0.8988525859998233 0.06825323060891265 8.958756993751203 0.12145932828670787 -0.01686366985559872 0.9924531466075078 -1.8534620135723519
0.5128851617299872 0.8568793112634809 0.05202553993787596 17.689671341852822 -0.8573944717236583 0.5143233025452718 -0.018608071276569292 8.262172291596187 -0.042702818816957776 -0.0350626066850069 0.9984723746191169 -1.7050464056614363
-0.12507089520854192 0.990272606786497 0.060970775130466594 17.880703607788874 -0.9910832915967563 -0.12185458749953473 -0.053901471436844754 6.908036332854102 -0.04594758197634223 -0.06716862179317236 0.9966830970558962 -1.9201590135527458
-0.32734789469581105 0.9441907171095998 0.03670484385310122 17.11656488169971 -0.9428627609597172 -0.3238423814787933 -0.07833215146773459 5.454091868285551 -0.062073906221862554 -0.060249495285886634 0.9962513881968522 -1.9443382645325176
-0.3718586231964353 0.9281736219277944 0.01465919206133071 16.983834968660418 -0.9250634911305667 -0.36920480874197786 -0.08913667359244967 4.395782004624664 -0.07732206497358407 -0.046706924103806446 0.9959115229321238 -1.883747126430039
-0.5060562699049784 0.861092736075754 0.04925801018546511 16.382570798932008 -0.8624598591843791 -0.5046523585279795 -0.03858741151993425 3.3911208306040956 -0.00836916874729101 -0.06201045806732532 0.998040410056006 -1.8479353312656326
-0.5158665672733853 0.8552513562939869 0.04926258546676973 15.769781261105914 -0.8566534588864546 -0.5153494033409816 -0.023661019715300047 2.530706002747362 0.005151324824524745 -0.054406893252517574 0.9985055602344745 -1.855937923016904
-0.4787716114817067 0.8766843228105531 0.04692911865155798 15.21743239486736 -0.8779282135476485 -0.4783518809499362 -0.020531192091387557 1.5335365132827847 0.004449257943163951 -0.05103014922436195 0.9986872022680044 -1.7848565756573351
-0.45452136399001336 0.8897533789852347 0.04182408709122695 14.717517731676041 -0.8906623789942631 -0.4533795853542224 -0.03416838053395366 0.6262166525238498 -0.011439244771299217 -0.05278139983355788 0.9985405687856014 -1.7739443502455206
-0.4154069666038566 0.909229815908679 0.02716972505661826 14.237233740174942 -0.9091252559471983 -0.41398817556221196 -0.045880927340372434 -0.33900199004658116 -0.030468362212689993 -0.043759940097549146 0.9985773613229648 -1.7511722426262404
-0.4050209126107845 0.9135837474012924 0.036370274017934676 13.744773038645235 -0.9138916680380921 -0.4033168377860266 -0.046233618167238665 -1.4375128289034116 -0.02756953823482169 -0.05196407261264635 0.9982683285164495 -1.7573781504252102
-0.4501973935827113 0.8919888709927576 0.0409653614215512 13.233566315793325 -0.892928908286663 -0.44975006591039407 -0.0200709481486019 -2.481292494223762 0.0005211116205601784 -0.04561504399494859 0.9989589562159287 -1.7400049654414502
-0.45479265989636813 0.8890561350728345 0.052371988636490306 12.736246679342583 -0.8905808602479749 -0.45435504497972334 -0.020669408831681703 -3.452777456479618 0.005419212522474841 -0.056041786113828665 0.9984137170255664 -1.6910395052112464
-0.46457652047174686 0.8841590464086068 0.04930960636821711 12.210906391591354 -0.8854796938684166 -0.46321695281102543 -0.036820732952555474 -4.446249142286482 -0.009714338529200776 -0.060768703148018535 0.9981046019053552 -1.7221850588056413
-0.41136458465048187 0.9107738166513492 0.03564033386026983 11.71369672417505 -0.9111686483705996 -0.4099067915645852 -0.04181048260570939 -5.433276338844071 -0.023470677915882907 -0.04967370664207279 0.9984896845469193 -1.7124693836477485
-0.3881542487289821 0.9205353338549014 0.044169880215872204 11.297097861071942 -0.9213885085254874 -0.3866084643919675 -0.0397128646368193 -6.46063400780286 -0.01948064554415348 -0.056112337191832305 0.9982343963539088 -1.7071496770058425
-0.32591602897986 0.9448351509201657 0.03263862190208266 10.841626163074256 -0.9452755865004843 -0.325122133888282 -0.02737998579429772 -7.521437415307529 -0.015258034610169354 -0.03977606870466119 0.9990921162426603 -1.717134988845593
-0.30967825574022934 0.9497932966185813 0.04463262954496217 10.474798193475781 -0.9506289089426618 -0.3082754358413808 -0.03565014921836469 -8.564579699132464 -0.020101129425334832 -0.053469143954391445 0.998367164544493 -1.67012944977972
-0.3700280877154215 0.9283060069144382 0.03643036958691374 10.040389039889105 -0.9287325840891876 -0.3686525476871825 -0.039383833418932215 -9.569620046396025 -0.023130100576710992 -0.04840719585268876 0.9985598338792678 -1.7009655491351234
-0.41224004873800574 0.9090617396793464 0.06053838177261503 9.590639946348007 -0.9110667714344004 -0.41161209249275377 -0.023082965620461537 -10.653591622355718 0.003934489113655919 -0.06467023090183638 0.9978989332745665 -1.696347461279137
-0.4546681551689353 0.8898376036764651 0.038287174857958184 9.228372917267084 -0.8904911382503655 -0.453321971729919 -0.03904769704435442 -11.70249793112307 -0.017389691568455143 -0.05184813429840603 0.9985035651398186 -1.7018628602063872
-0.39239754755808487 0.9193266338805489 0.029371838693878646 8.688159045846701 -0.9194113587449624 -0.39111047328329773 -0.04141679730322016 -12.621142827826297 -0.02658793111811881 -0.04325665181187079 0.9987101401271968 -1.6514226504521738
-0.42841309608636235 0.902717067497854 0.03954889568335028 8.231107930919684 -0.9033430322510483 -0.4268802394288629 -0.04176873554032312 -13.60310370902773 -0.020822708401598188 -0.05362049266122034 0.9983442580500925 -1.6661185210442309
-0.43525391304009226 0.8998592256234816 0.0284148771525739 7.775759673690935 -0.9000583009356917 -0.43417364799094194 -0.03725987529492944 -14.6583839485935 -0.02119165165917524 -0.04179255257274591 0.9989015449229269 -1.6834496667300223
-0.3558037325949206 0.9328040542099172 0.05727390610972445 7.270890291545329 -0.9339964228433772 -0.3570498425588298 0.01288767025070506 -15.723010902235501 0.03247131021838449 -0.04890814224909675 0.9982753165507215 -1.710241026017388
-0.2734926567874807 0.9610477795712932 0.0398614107177923 6.946266210456767 -0.9608026872816857 -0.27099788897893506 -0.05846657405092056 -16.69541210202222 -0.04538681301453377 -0.05428912920694208 0.9974932218588431 -1.670247311437483
-0.2791998145508778 0.959884000947285 0.025887608622433576 6.420712638349121 -0.9592387104914061 -0.2775827589259729 -0.05299913434980674 -18.642641034760942 -0.04368706730302422 -0.0396297447945125 0.9982589461046582 -1.7181618284251483
-0.3209381651866616 0.9444318350645042 0.071043669973556 6.059592459790353 -0.9453699267605528 -0.32398140729922703 0.036218079755270076 -19.856855282126087 0.05722233570351683 -0.05553878501646097 0.9968154531584719 -1.7959434035346966
-0.33583339628896813 0.941135925334932 0.0384590689042033 5.518198848453378 -0.9402964775878377 -0.3325771791301463 -0.07235298306041235 -21.746245835704986 -0.05530338301517199 -0.060461475054746715 0.9966373191192879 -1.691934414992325
-0.3801475282476462 0.9229183777477634 0.06090586821186724 5.0491426255414815 -0.924925827580683 -0.37934129737605915 -0.024746587224039936 -22.806020769719932 0.00026503092970052823 -0.0657407645261649 0.9978367008875361 -1.7265980011458382
-0.445932278585644 0.8938428780854424 0.04679008667815209 4.633258953892455 -0.8947939415424058 -0.4438963892400102 -0.0479562070923871 -23.84764868818757 -0.022095363640861995 -0.06325270678488777 0.9977529203114184 -1.7927836324796316
-0.4017214319960773 0.9142463953909977 0.0526632660360921 3.9864196301814894 -0.9149711298871863 -0.39832090560089056 -0.06456227717679022 -24.682746921677296 -0.03804894936771817 -0.07412141846898054 0.9965231019781525 -1.7260620792179753
-0.3934715231051647 0.9170051435840808 0.06543490769949399 3.6845594776162747 -0.9191617250983622 -0.39100981709224036 -0.047466262246936175 -25.914196841231195 -0.01794111533612458 -0.07882188514513017 0.9967272579811712 -1.782492768674591
-0.382714582650894 0.9221924842630017 0.0555928969850057 3.155275310163884 -0.923583563121697 -0.38041454759203014 -0.047730220110338506 -26.8791284816183 -0.02286810350209167 -0.06961173715103249 0.9973120153156854 -1.6671516641829007
-0.40295720651049843 0.9119425239052219 0.07737133070219951 2.6428677886191476 -0.9149825898664258 -0.39949041678391 -0.056694507133808934 -27.90154386078716 -0.020793026777820925 -0.09363888076643939 0.9953890747070842 -1.7669863757638113
-0.4028332631903372 0.9140150479083933 0.04797764338149972 2.3610365141577603 -0.9150441639032394 -0.40100562588075267 -0.04345878643735301 -29.032180714545035 -0.020482679855095994 -0.06140830732892314 0.997902540139542 -1.6805334024392649
-0.4547637299628774 0.8880267566916327 0.06781171956226532 1.7279049390277468 -0.8903136132681635 -0.45132042320083493 -0.060428020248942456 -29.893904111475184 -0.023056884864146716 -0.08785416894808923 0.9958664694921713 -1.699632715926421
-0.4698435188284318 0.8823193954678639 0.027559974530839835 1.3085781162008054 -0.8824920466183459 -0.46872310555178 -0.03881285840103238 -31.051479092858226 -0.0213273409097555 -0.042557428295401 0.9988663623461354 -1.7602364443839194
-0.3979458845333216 0.9163892122566293 0.04324216278895993 0.7269423885663037 -0.9170935190146011 -0.3961311185558876 -0.04494011897043272 -31.943037740769146 -0.024053073907667546 -0.057540842636651046 0.9980533558203473 -1.626821798495583
-0.4154513713102212 0.9086917636400862 0.04098093177474043 0.22723633914751667 -0.9093902719065446 -0.4139245270038888 -0.04093677205579717 -33.00325346418193 -0.020235894796076494 -0.054274898777209625 0.9983209623785959 -1.798723529575546
-0.3692051368790451 0.9290825845402843 0.022206260515259844 -0.12408906999036409 -0.9292411179761176 -0.3686950514825505 -0.023977149012656594 -34.11382779864852 -0.01408941321067786 -0.029487456930456072 0.9994658464995956 -1.623873935359128
-0.3921753700450295 0.918365225151727 0.05295084854903432 -0.656400616618769 -0.9198741728690244 -0.39117552465791805 -0.02851692474885655 -35.039298619468404 -0.005475876055368067 -0.059891753527685 0.9981898580133969 -1.758088104784336
-0.3896802218375303 0.9207982129497655 0.016732475524340564 -1.052842560601968 -0.9208598703950032 -0.3893231677725894 -0.02108483179007189 -36.229651947693306 -0.01290053505683102 -0.023624607172094005 0.9996376614209828 -1.7332556465150335
-0.41739403139252207 0.9082145452487214 0.030472321154714502 -2.0240100777858454 -0.9084569435154969 -0.4162206182203163 -0.03829332509431033 -38.226997490412685 -0.022095346486967208 -0.04366619707457312 0.9988018116206364 -1.7888623458145474
-0.3738000613918877 0.9271657322495126 0.02524319800751564 -2.364256663115633 -0.9272564616578135 -0.37292428574520947 -0.03351016883360804 -39.172291653393366 -0.021655678637539325 -0.03593302163263169 0.9991195371621437 -1.5813937474939397
-0.392634925297704 0.9181955934633441 0.05248492717880158 -2.8805220173863066 -0.9196430942833764 -0.39137031038845094 -0.03295237902405704 -40.22812602344139 -0.00971568697334029 -0.06120565571044298 0.9980778893130993 -1.744516820790337
-0.39494911312274433 0.9182416558301786 0.02911115837285593 -3.335521354579159 -0.918651754061435 -0.3943940873903644 -0.023070730187193335 -41.32158605633044 -0.009703236748960805 -0.03585478112851052 0.9993099028163487 -1.6608351399974728
-0.398711490889902 0.9146371247263321 0.06684367662464213 -3.6919689096999933 -0.9170037811299179 -0.3985368050884153 -0.016506979837394346 -42.27076296921634 0.011541768745958171 -0.06787742675047939 0.9976269054671429 -1.7291035702034097
-0.3745850256641811 0.9268813678371297 0.02402058501652277 -4.270170206851393 -0.9267804101667014 -0.3735204719893349 -0.03950352308472694 -43.17113011179305 -0.027642899258325793 -0.03705923584257504 0.9989306698461902 -1.6867695234457425
-0.37073376003230657 0.9278845083123792 0.03983488930827159 -4.3990496582489875 -0.9273893526227239 -0.3675426169397213 -0.06972383649159251 -44.18377520698799 -0.050054648278787785 -0.06279143227380166 0.9967706698226486 -1.6126153236705225
-0.3962254422038839 0.9175467742766689 0.03336638974801781 -5.147500906759211 -0.9178154427436077 -0.3948323233823056 -0.04149999366127302 -45.25590520561639 -0.024904056129313863 -0.047067541119229055 0.9985812107992504 -1.6702905058557673
-0.47078700512554217 0.8804838493568041 0.05574752753931565 -5.519431642710468 -0.8820271052071571 -0.4711395349778681 -0.007464868432908058 -46.36978848460266 0.019692168108290088 -0.052685193391143824 0.9984169914983079 -1.6440194192545106
-0.48695495147709583 0.8719776688151902 0.05029731920854989 -6.06303517841388 -0.8734142112509528 -0.48582702710184167 -0.03346214760387424 -47.25817662811552 -0.004742448398893939 -0.060224951847337 0.9981735642453018 -1.586633300873105
-0.44463269406460904 0.8953409664999716 0.025813195767740257 -6.645292291073311 -0.8952846755581859 -0.44334437285163636 -0.0437163215682931 -48.305058913343636 -0.027696878515833794 -0.042547864431546185 0.9987104496062882 -1.6340729655853092
-0.5187832562295285 0.8539986474432226 0.039373128159095994 -7.028347097272017 -0.8542214504470291 -0.5159754909830417 -0.06383577602710108 -49.26155083374172 -0.03420009725220502 -0.06675030239597807 0.9971834086455639 -1.5829770769153022
-0.46714801067020156 0.8840423077834234 0.01555423337332005 -7.770321897714865 -0.8839675815132648 -0.4665791695614503 -0.03008643157532432 -50.22183131555051 -0.01934039711232911 -0.027804254715884564 0.9994262716475047 -1.621046526977656
-0.41219748531930933 0.9088722520459537 0.06359608916713241 -8.147549590344585 -0.911071039244965 -0.41068030039428655 -0.03593399945953374 -51.40168039929603 -0.006541754010744726 -0.07275245926410005 0.9973285743051225 -1.6332046714427775
-0.4813305306340592 0.8759383763446777 0.032448129779473096 -8.76731104418509 -0.8765334076529401 -0.4808632008259724 -0.021442186449302035 -52.225963401840986 -0.0031789224371075236 -0.03876264874916329 0.9992433895273405 -1.5934508890796522
-0.4796290967773362 0.8758426834937141 0.0534370966191769 -9.285834063039761 -0.877459799556684 -0.47842042912327326 -0.034324818418269995 -53.35600010608982 -0.0044977423782436325 -0.06335208574335496 0.9979811038018029 -1.6460067436560895
-0.37674763860916893 0.9217766405964989 0.09159171170498026 -9.771372626215719 -0.915364630729975 -0.3856284476451435 0.11575099643360878 -54.346862283692644 0.14201693424022227 -0.04023089878973508 0.9890463412659583 -1.5883272607585446
-0.35000351149126374 0.9366842136012757 0.010964758727146967 -10.25150110382666 -0.92758208570682 -0.344921430069366 -0.14359902978324773 -55.55982651258172 -0.13072496402589445 -0.060430878440274276 0.9895752082137899 -1.5520496824135521
-0.361353864541838 0.9322978945338398 0.015621153236826722 -10.682647159932314 -0.9303287404914458 -0.35936567009060955 -0.07310779558930185 -56.6378311369053 -0.06254453770137613 -0.04095059228016992 0.997201699655403 -1.5805404441159683
-0.35628653127925575 0.9326605404436026 0.05660586478840631 -11.229712341833368 -0.9343301767962493 -0.3562192499385182 -0.01161751699500531 -57.88340918582417 0.009328899017872896 -0.057027732487684536 0.9983290085790493 -1.5947887751916308
-0.3383208439133625 0.939734488848353 0.04937709026132836 -11.587336281204198 -0.9409041398348602 -0.3386702498649571 -0.0013643672634505448 -58.99009971942004 0.015440408523488474 -0.04692070252386179 0.9987792756456727 -1.5362611256021341
-0.39985261435544134 0.9151644698859887 0.050910508261226894 -11.875662750553392 -0.9165341430038786 -0.3997678601431199 -0.012280989566682604 -59.9626745325771 0.009113259639920856 -0.051571804844205385 0.9986277071280599 -1.5087431201424
-0.524969117432991 0.8504634759408723 0.033455968558624184 -12.500472243556368 -0.8509951609327395 -0.5238090052451781 -0.03783334631139655 -60.85976615148252 -0.014651341600258197 -0.048332205770337595 0.9987238537627339 -1.5100239955489883
-0.49420382747370895 0.8686889089694673 0.033795803641469495 -12.984319423135537 -0.8692307583928013 -0.49313161533771205 -0.03548377965061605 -61.73596985529711 -0.014158586589452632 -0.04691257174633697 0.9987986508991358 -1.414404779093223
-0.46949427213456263 0.8825411260204429 0.026387294582921758 -13.486868000498333 -0.8822171897834858 -0.46769747848241133 -0.05433137833447187 -62.6188750542605 -0.03560840467314242 -0.04878759579814458 0.9981742393053781 -1.5379416590128498
-0.49017146023829433 0.8712104246091299 0.02691348398550059 -14.05813469791358 -0.8710062113588106 -0.4884250908718847 -0.05281202875446682 -63.63696121651465 -0.032865169134351516 -0.049328760973400644 0.9982417312447921 -1.5526627731465321
-0.4141662331183997 0.9093044426905814 0.0403950720718033 -14.669826213517817 -0.9101741553047896 -0.41340334849742494 -0.02608981537553378 -64.7107250859939 -0.007024126972671613 -0.047572071158269 0.9988431106465039 -1.4808318758808372
-0.34717254866410163 0.9364185907939725 0.05090623016393453 -15.091182140233984 -0.9377727545388572 -0.3470734483267734 -0.011058133258652087 -65.76954256810153 0.007313159281434215 -0.051577555990895425 0.9986422149195026 -1.451710012040834
-0.32496219667204773 0.9447408349986098 0.04317783482537936 -15.420849208153324 -0.9455433819131869 -0.32366066212319256 -0.034517947710576376 -66.76067748073973 -0.01863554813390016 -0.05204354407711797 0.9984709238959549 -1.4817099744635651
-0.35374673144507807 0.9342884340739033 0.04436633800143149 -15.850619866879308 -0.9344330333105301 -0.35091566771710087 -0.060770884547973684 -67.76332506999061 -0.04120869143767739 -0.06295487357142976 0.9971652459064144 -1.4999203073407275
-0.21485312889112387 0.975923309236007 0.03757429301444477 -16.20399540664814 -0.976468071653258 -0.21391975383797968 -0.027357703844921397 -68.84726805862049 -0.018661137357148187 -0.04256798571390743 0.9989192802948588 -1.5071828475686173
-0.01721866956653819 0.9984313919708562 0.05327544411355942 -16.417307518080538 -0.9995749793349965 -0.01593582709261116 -0.024411269985732797 -69.87687094603892 -0.023523990005955838 -0.05367313054045776 0.998281431737657 -1.375099150638371
0.13430296328831018 0.9902535307918111 0.03688710894513242 -16.312468714330738 -0.9896555958177529 0.13593076571755192 -0.04587623129735927 -70.89206886936545 -0.050443192985650406 -0.030344219973354097 0.9982658526643199 -1.4745466691666806
0.18998310283476008 0.980783264081918 0.04439154800292932 -16.036400569786398 -0.978921955639575 0.19268684693502075 -0.06770216972173555 -72.00440149243344 -0.0749548224203608 -0.030593592712514803 0.996717515989798 -1.5696394968992644
0.3272524971563953 0.9438892181427276 0.04448535690330179 -15.873270984450762 -0.9429919795237967 0.3292357872124287 -0.04868185465246904 -73.06659156167437 -0.06059644922514131 -0.026018076264841927 0.997823195786098 -1.4828382190907052
0.5235778265907923 0.8518603340354933 0.014150293261964353 -15.471496712035849 -0.8510550779397981 0.522165798767136 0.05520989866648531 -74.17198854997334 0.03964232353617506 -0.04094935768502838 0.9983744970149411 -1.5269562331221516
0.8765426343224232 0.47038442749848686 0.10203676093461346 -14.380550066347583 -0.4697258668488172 0.8822357176406079 -0.03190217127858688 -75.25352262264283 -0.10502675958170869 -0.019965692727319132 0.9942689529929435 -1.4663409148974111
0.9234526557514459 0.3765881315118461 0.07359736265667319 -12.24564530111837 -0.37751189055312057 0.9260035825955943 -0.0014620229589492962 -76.1901356878332 -0.06870200198400471 -0.026433770532033045 0.9972869650701595 -1.712461768345122
0.8688671450125707 0.4949920556310388 -0.007262863062409172 -11.141002092554054 -0.4942399142048194 0.8681967144833083 0.044287381579886785 -76.66938604154711 0.028227495895270155 -0.03489025397655209 0.9989924317295575 -1.6672936463331183
0.8994842446444494 0.4350183520859151 0.04107465136625549 -10.26601896530138 -0.4357569449596237 0.9000007240405976 0.010704281659955016 -77.16606880568618 -0.03231065700136794 -0.027526897298007252 0.9990987395494426 -1.7545614905748483
0.8915224386832771 0.4439554070979391 0.08995186397582651 -9.33677812971036 -0.44406800056206036 0.8957729091889655 -0.01986217611318914 -77.63499103720721 -0.08939436336277806 -0.02223716869658857 0.9957480384752575 -1.788251169981117
0.8892637793312389 0.44882423569967744 0.08812908837677744 -8.385255778236655 -0.44914849176751015 0.8932908341858047 -0.017237108301567636 -78.09706846278903 -0.08646133883124968 -0.02425471105228128 0.9959599117832396 -1.8282532024844849
0.9316767870981539 0.36107201190590377 0.040067026351903914 -7.39712936707684 -0.3613785056983261 0.9324191033755821 0.0004373551427115306 -78.54470069165721 -0.037201344084671815 -0.014886835745008813 0.9991968985739473 -1.8318621347289858
0.9568790734139714 0.2867279026922013 0.04657841431554659 -6.285661925297744 -0.28736136504817616 0.9577937890148817 0.007382655495516792 -78.89820736783668 -0.04249570260706376 -0.020449145269379656 0.9988873548692483 -1.8548688477009352
0.9588237724074592 0.2800864763325206 0.04699509806310638 -5.273379396146115 -0.2808494252431422 0.9596958314157684 0.01036877542399489 -79.2178905833141 -0.0421968459357485 -0.023140374647549058 0.9988413033381458 -1.9607597965937953
0.9913263462935132 0.12577825753920904 0.038103872175328894 -4.147541462678985 -0.12608441633775613 0.9920029573873257 0.005731709305893624 -79.44864582373802 -0.0370782294766183 -0.010486298927662905 0.9992573454489485 -1.961730326527644
0.9657422737048224 -0.25899227315134915 0.01627461911494315 -2.1471845481215777 0.25941180653736107 0.9651655426464478 -0.03407330211485509 -79.33413792848164 -0.006882979620939369 0.03712785660234638 0.9992868191143389 -2.119094297238396
0.9312756361449616 -0.34680918859448756 0.1115754284295181 -0.38621696308901704 0.34500863167503226 0.9379209401701091 0.03568408693156998 -78.87975948085679 -0.11702449996696934 0.005262765133573605 0.9931150838199112 -1.9769730875681348
0.8948908963757478 -0.4412780543918015 0.06666305045523623 0.7343979576987097 0.44192166821998563 0.8970363984548956 0.005562284129277078 -78.32642929145553 -0.06225369660892387 0.02448220903546565 0.9977600406406683 -2.093844374401426
0.7915033645362857 -0.6110682984655994 -0.01086087188471979 1.7324625913987874 0.6095057177032198 0.7905385961605107 -0.05959453051792692 -77.77162745260809 0.0450022667742714 0.040549507899920664 0.9981635804787966 -2.0805027829284897
0.48073274424726326 -0.872598145063318 0.08642051747445492 2.6908981704185324 0.871820329506997 0.4861977084461248 0.0595071538560553 -76.59995220634224 -0.09394328963159959 0.04673612664517888 0.9944799609843324 -2.1169896259438516
0.39525190544863437 -0.9179442863448146 0.03397378998777033 3.7082849009913903 0.9184555047309134 0.3955220118999866 0.0013505302921514026 -74.75983461337225 -0.014677093333046523 0.03066961475950067 0.9994218116800313 -2.061537379864556
0.31590041631025506 -0.9480367567181672 0.037858088783067206 4.10332425357852 0.9486479697877643 0.31490473053607787 -0.030033982479065132 -73.61417394190819 0.016551628093940472 0.04540174663269328 0.9988316800192815 -2.0395165036281595
0.37404108781659284 -0.9271209704592868 0.023237270915729226 4.5178396481863095 0.9274105483982968 0.37387669843053045 -0.011220030760067112 -72.52302282651807 0.0017144516763478422 0.025747242674067413 0.9996670146354394 -2.1036504517612986
0.44885435215660613 -0.8921959593312105 0.05016114734666707 4.974384438078149 0.8931822532258192 0.44966095988628313 0.005521202459115375 -71.54615208908136 -0.027481504189571862 0.04232483085857677 0.9987258761142978 -2.040533007728969
0.390366334885272 -0.9191762298448023 0.05224158378662325 5.4853346273938675 0.9198673576197863 0.3917555308738438 0.01927818495983446 -70.56785759040133 -0.03818597875965038 0.04052977322966284 0.9984483804925119 -2.0977252671249764
0.39753199535968575 -0.9170660960624687 0.030952998531476397 5.903057676663751 0.9171737327961135 0.398140157767573 0.01663606448822022 -69.49457978587644 -0.02758000243275706 0.021775909293412176 0.9993823858965366 -2.054637679436126
0.4224464418811411 -0.9049544816782544 0.05095478223292844 6.3478313250024705 0.9062207632551526 0.4227801110282247 -0.004572304037414922 -68.52146260478595 -0.01740494145960227 0.04810783521842915 0.9986904946996259 -2.055471722099042
0.3786832766067157 -0.9251954617205346 0.024745375934273364 6.957532355965429 0.9254820507728704 0.3787913060334072 -0.00034665652660410134 -67.38658443333183 -0.009052608223241146 0.02303267429614848 0.9996937261977408 -2.091943438373507
0.3869223614944453 -0.9215098455796437 0.033327026200115455 7.294552848430799 0.922095451726148 0.3864440543699757 -0.020024253994753678 -66.37239166366966 0.005573516081686014 0.0384785309214993 0.9992438834321729 -1.8979304951105873
0.41508453995545436 -0.9084683968798278 0.04888759106935199 8.015997068297354 0.9081998774705854 0.4169321522010603 0.03661369994148988 -64.50665290165603 -0.05364519785015461 0.02920192342273724 0.9981329773211736 -2.0786074106803816
0.4608055084317022 -0.8861437519569957 0.04906663088677252 8.619360326108213 0.8867427577950969 0.4619926377901099 0.015814048364739576 -63.46548971586245 -0.03668194238241346 0.03622227899117342 0.9986703067618157 -2.077197160230149
0.4375768478784995 -0.8990105316341077 0.017509032288385004 9.157917406132077 0.8990632176398431 0.4377517518927208 0.00766383728596421 -62.41561343230308 -0.014554479990998735 0.012388209144709441 0.9998173330095745 -2.006179797000667
0.3637090301846475 -0.9310662114590121 0.028834896245790397 9.576793959820659 0.9315124486339884 0.3635528545617484 -0.010671456316506614 -61.343817050656064 -0.0005471764377887802 0.030741369835557697 0.9995272226300688 -2.017182520175961
0.40675089376996876 -0.9132498609705643 0.02298699316083806 10.07682833163788 0.9134493227045755 0.4069349237906324 0.003781884459422096 -60.344739926384 -0.012808015766855394 0.01945916844977755 0.9997286109216639 -2.0050277839801756
0.40762270333046724 -0.9121610077727732 0.042497383784424386 10.547546646422703 0.9127125708920499 0.4084268477825733 0.011969667748755294 -59.33621427295238 -0.02827533669448859 0.03390878808435298 0.9990248742776449 -2.02531813277899
0.4015190643968539 -0.9150940225880522 0.037220568903401516 10.94481128599247 0.9154343489583651 0.4022302231280618 0.01381304997181698 -58.325613207213074 -0.02761147719788838 0.028526784360794397 0.9992116036661016 -2.0196440250242222
0.3911959518019439 -0.9200201854923509 0.022990989112946916 11.441927872022996 0.9202777414339497 0.39126184553925664 -0.0017455218256848014 -57.27289545052858 -0.00738958151725709 0.021840936606185177 0.9997341484480582 -1.9978973659667147
0.379046914165064 -0.9250453003161373 0.02479171686208015 11.861055241117011 0.9253540402400242 0.3790918597869264 -0.00304336240910218 -56.238344854037464 -0.006583089958858099 0.024094692492668757 0.9996880056899141 -2.0409402611802014
0.37843379268738253 -0.925351923632052 0.022620388650616195 12.349486276694734 0.9252208828766627 0.3788792746904157 0.020416001052940905 -55.282614065950405 -0.027462382292373615 0.013202751248362381 0.9995356446462033 -2.007960408730554
0.36577888037590695 -0.930554800568099 0.01654006682616056 12.848599984632353 0.9305187781190573 0.3660016107938009 0.013327582832611764 -53.91730020151519 -0.018455737285867725 0.010515894446456607 0.9997743754093851 -1.9691716282945504
0.4191506023047441 -0.9074584152474608 0.028844361392430348 13.681587923464125 0.907528048751681 0.4196891813902145 0.015932098197621963 -52.120926959845455 -0.026563383002493536 0.019499118456449072 0.999456938073314 -2.048142375449265
0.4568003056822103 -0.8894434735173777 0.014959550326831056 14.15485191953584 0.8891175393060031 0.45703963193064373 0.024182145131055363 -50.958222220325034 -0.02834575853769003 0.0022543872877987055 0.9995956361003581 -2.0009313561295974
0.48013054976198755 -0.8770539728119906 0.015842473290361446 15.24456239753141 0.8766852653613065 0.4803890018529719 0.025482393864804193 -48.91214223729742 -0.029959984706725496 0.0016539871249799832 0.9995497304501479 -2.0304002107841934
0.44699630228444787 -0.8939270891751382 0.03299492359281038 15.753339524531416 0.894314741366228 0.447401708181551 0.005731918639244625 -48.02481154350333 -0.01988590252131178 0.02694570012256503 0.9994390827488276 -2.0417020316621
0.4428319482126551 -0.8958781389715064 0.03608636522475928 16.325008563046257 0.8964241054616305 0.4431916610352303 0.0022304116546868415 -47.090222774052705 -0.017991353187026257 0.031360990127605376 0.9993461860179961 -2.1024330529006927
0.2948518205335049 -0.9554712762383389 0.011706588382560319 16.7289556556411 0.9550444186277505 0.2942801502157095 -0.03590754289842611 -46.003588978766835 0.03086360925200876 0.021767716290422588 0.9992865475685337 -2.0642432247974467
0.43347522886329526 -0.9003238767155013 0.03893768069472433 17.35658057114138 0.8992116227208657 0.43497517931847146 0.047064327686383134 -44.05314834605531 -0.05931006260004628 0.014611994827337979 0.9981326595606138 -2.05607299444481
0.41614558228305176 -0.9077126475961158 0.05367125618382446 17.94490048168539 0.9085745844555476 0.41744353056643835 0.01526837482039417 -43.055370080427075 -0.03626401560402132 0.04241047255427674 0.9984419226925492 -2.0764007285873722
0.3798215726217497 -0.925028821424952 0.007566538462517549 18.468437832584176 0.9250446451511224 0.3798494271331043 0.002610973742989551 -41.94499510510191 -0.005289371264617013 0.006007681733945464 0.999967964642772 -2.084235790607046
0.4413705930538751 -0.8966506472305433 0.03477954008205013 18.754477973541064 0.8973035730782257 0.44129575663831744 -0.010215327408572662 -40.71954533318077 -0.0061884835234724146 0.035716550702202164 0.9993427993824825 -2.0668509875796235
0.43828528343807027 -0.8980848456858512 0.03673717832156904 19.43521766058817 0.8982971220698124 0.43907151523113636 0.01668786965812221 -39.93157585810568 -0.031117371397708052 0.025686853876143303 0.9991856157567737 -2.0803600265200384
0.47479046227118826 -0.8792431928111387 0.038799804530259725 19.905914892752577 0.8796272550087656 0.4755177242028925 0.011780756115228304 -38.8616524511477 -0.02880814437022887 0.02853597491197568 0.9991775562700387 -2.0475402646281373
0.45959664046270504 -0.8864716472437254 0.05421205316524755 20.467312818756902 0.8875769832489371 0.4606045397655634 0.007110327282904014 -37.918851507472844 -0.03127342133684302 0.0448494880723284 0.9985041294544246 -2.0448518866480274
0.4144595855807996 -0.9095704414605074 0.030080956459691176 21.0595486602104 0.9097289807767417 0.41498068780547365 0.013572408902130198 -36.98396551148472 -0.02482807795828223 0.021740302891954354 0.9994553145464102 -2.083124543918285
0.3273621384170859 -0.9428949749926744 0.06150688144066648 21.29323896669357 0.9446319286798208 0.3281229500068353 0.002418470064665457 -35.783658405359205 -0.022462182655175425 0.05730964851031128 0.9981037293478014 -2.0474177582772413
0.3973597223357738 -0.9173615236374943 0.02351778082072249 21.791078279945197 0.9174314839834359 0.3977045742569427 0.012269629621717256 -34.83419286541194 -0.020608815133019806 0.016700495938704298 0.9996481231784584 -2.088192116184508
0.4442477740349968 -0.8944372364537939 0.05124397827891853 22.16967499752977 0.8954552348945304 0.4451084344905784 0.006197083614760015 -33.67395061183504 -0.028352029291257675 0.04313364800531331 0.9986669368937883 -2.077862961754603
0.414361865577381 -0.9099135888056571 0.01901329172034695 22.788335780983225 0.9101121617357768 0.4142642448222594 -0.008999362337101663 -32.84230414451105 0.0003121151449998008 0.021033220596326157 0.9997787286272308 -1.9368228568479238
0.40926892585020097 -0.9117531785660378 0.034714373221333444 23.13572259044139 0.9115791574198673 0.41022548678501614 0.02717516788690843 -31.80471046804713 -0.0390177663521127 0.020522947320588042 0.9990277386249935 -2.1766451552771167
0.45135866525993606 -0.8917635251821001 0.03214296889776624 23.648258882152486 0.8915887525472771 0.4521650152907932 0.024825295129511246 -30.848649720011476 -0.03667221872152893 0.01745319746838513 0.9991749267631619 -2.1415750662600437
0.46904361911181625 -0.8828904807646273 0.02241611798895639 24.23227474704012 0.8826873174559734 0.46947695690593316 0.021318689845345337 -29.963091228899664 -0.02934591918592852 0.009787027615665403 0.9995214010303046 -2.222833757271132
0.37803754180091437 -0.9241422259741975 0.05521560613248089 24.6720703261953 0.9257102009249188 0.3781163141431444 -0.009416840359132917 -28.798941547425148 -0.012175421662860527 0.054673569027988284 0.9984300476032726 -2.015496112972685
0.433774138047366 -0.9007964925696076 0.020141403515105096 25.126644726454927 0.9005955401577529 0.4341480573953079 0.021050826773450056 -27.81139925489501 -0.027706862132512094 0.009007953939383573 0.9995755031795227 -2.2226709952288064
0.35987875190494784 -0.9319847638987916 0.043493491327448744 25.56583177093151 0.9323713356572045 0.36095539815707656 0.01987191450431616 -26.827108830374183 -0.03421953202686269 0.033400604811593286 0.9988560573106028 -2.071164490891149
0.407952341094071 -0.912705076750805 0.023330886592109957 26.04538497307466 0.9125685546461403 0.40841339844469504 0.020423737217005248 -25.862747831635215 -0.028169495325996437 0.012959122044407394 0.9995191547383756 -2.1587859617407483
0.40761287586611056 -0.9125304554740146 0.033762571888802474 26.506525727304364 0.912880913498912 0.4081175272165411 0.00940859968581396 -24.651131958379448 -0.02236473110839725 0.026986141092115033 0.9993855947487964 -2.2768637495752406
0.3874593291103026 -0.9215564787178337 0.024676402059083148 26.947995019043287 0.9215861277451195 0.3878777575515379 0.015160948009496996 -23.703328078999974 -0.02354309735677353 0.01686717907587623 0.9995805224377231 -2.0558705632476735
0.3846752423480519 -0.9230508043489077 0.0014732668807113354 27.415948820579562 0.9227459849259132 0.38458832527056297 0.025132993627695836 -22.761580151965923 -0.023765631226069974 -0.008308589315765258 0.9996830308232744 -2.2208031864225974
0.3814468610921432 -0.924278246174332 0.014422753268770842 27.868413097303108 0.9243323155921843 0.3815517705143112 0.005293086942897598 -21.424657167251123 -0.01039531216182024 0.011312385526281644 0.9998819767446371 -2.212087256126237
0.4299259365714472 -0.9023685193498109 0.029912277572825326 28.85181786652991 0.9018094848847888 0.4307888798453782 0.03406749144559544 -19.65217983902875 -0.04362730836294579 0.012328677463293032 0.9989718022431917 -2.298920614346988
0.40210229175962164 -0.9153973082289016 0.01901354908852226 29.14818764358603 0.9147845871735524 0.40253325828602804 0.03370660237027663 -18.624803094163163 -0.03850851894547735 0.0038397995931293725 0.9992508943742359 -2.1048728795598857
0.49066875847860364 -0.8708280124033343 0.030045669683404774 29.727409121085344 0.869414633320725 0.4915846137378244 0.049626232015174236 -17.70964565456424 -0.05798590191465169 0.001772103239816306 0.9983158291989827 -2.2801813119276635
0.37615466813303716 -0.9253588856807743 0.047101999250138714 30.208604421945505 0.9262117511360679 0.3769157789645013 0.00814172125791826 -16.51220746896003 -0.025287500848902095 0.04056387874967678 0.9988569036862079 -2.1539242722165057
-0.10541983524614273 -0.9938447701812639 0.034047483314137816 30.42096842612158 0.9898657202457738 -0.10815052516895565 -0.09202890734978324 -14.671724954351953 0.09514470147618345 0.024000764342608356 0.9951740797930675 -2.3012076163900015
-0.504438690396852 -0.8634473530905389 0.000525425210424663 30.34461083181267 0.8617440299987517 -0.5034051919169229 0.06309072445769823 -13.693707457198768 -0.05421101725867223 0.0322781844599242 0.9980076574935439 -2.1406015190649748
-0.6803625100973378 -0.7327160121888553 0.015300337777678306 29.51990136605673 0.7328387409731376 -0.6803896681051178 0.004156833496093623 -12.962523383709732 0.007364413279859982 0.014040833944916476 0.9998743022996315 -1.9752123294740824
-0.7479797883823722 -0.6623137893789086 0.04320509888904996 28.35865049893719 0.6629732214597395 -0.7486420435374043 0.0012642291861844023 -11.66743693203792 0.03150783710058876 0.029589441473109015 0.9990654238609963 -2.1072450478469644
-0.8406783971485753 -0.532088863629907 0.10070389152727789 27.594971685390966 0.5312031680673025 -0.8464069797377823 -0.037661902320882276 -10.997434446661554 0.10527595548350326 0.021832678539310407 0.994203353114862 -2.002892774082172
-0.904513069193987 -0.42404309823412184 -0.0452057352255286 26.136921263405004 0.42268070463492935 -0.9055309096562487 0.036807520786471544 -10.271981359362721 -0.05654316569306465 0.014185291577326382 0.9982993779003736 -2.0265290677224552
-0.911645646327657 -0.41091368563172415 -0.007222083659314439 25.287401129615496 0.41085305190879673 -0.9116614559608611 0.008553329910071026 -9.731409987723689 -0.010098775621693066 0.004830390861550417 0.999937339064337 -1.934274285024152
-0.8930056781231729 -0.4497553649507489 0.016154582563200813 24.018394340253344 0.44904175232405946 -0.8928359053899876 -0.034721041404017675 -9.170196864762195 0.030039365997146728 -0.023752005061894173 0.9992664703401336 -1.9734014581977342
-0.9014731976879093 -0.4311687942173062 0.03794133291714725 22.928110171382343 0.4300467957123461 -0.902152026709645 -0.03437257920528761 -8.626348788850104 0.04904923391735242 -0.01466941024289708 0.99868863068288 -1.7862087781102383
-0.899144474261929 -0.43753100713945503 -0.010287477619570566 21.00849401782833 0.4376502580184159 -0.8988275632286 -0.023901113717774855 -7.734548092616198 0.0012108099161252776 -0.025992871562606983 0.9996613949569507 -1.7991970562220831
-0.8957662164702391 -0.4442526815504482 0.015570496646840688 18.936394903488466 0.44350539686353424 -0.8955338357450524 -0.036360857919921295 -6.73479087402022 0.03009731522100064 -0.0256652288318204 0.9992174176051465 -1.880862519387395
-0.5901770333803872 -0.8032592892579237 0.08040885206978504 17.263813667772528 0.7994592203778856 -0.5953831619161254 -0.07989897032840435 -5.775120655380393 0.11205366670978861 0.017129060908625884 0.9935545133757282 -1.700662143334236
-0.15987345144616624 -0.9868171884597564 0.025145895948888466 16.71457937165602 0.9798621248873233 -0.1555566168693757 0.12518927733418006 -4.638091949875668 -0.11962732018226581 0.044653952888139996 0.9918141603937067 -1.726037477072082
0.03195517408587548 -0.9981849084392892 0.05104660040775408 17.02360654439912 0.9963642116813763 0.03584926949902917 0.07728639955992256 -3.3266630043512895 -0.07897610100335042 0.048391305421878215 0.9957012890570521 -1.713945902876358
0.18334449705121675 -0.9807409016725016 0.06732071885864731 17.03009851799192 0.9829825969617522 0.1821074669567521 -0.02412642843284805 -2.0287754449733773 0.011402169590312546 0.0705985429396679 0.9974396404111026 -1.522394049298724
0.1829960658415039 -0.9829119194785039 -0.01991477927608539 17.363232915941634 0.9686358982391456 0.183727815017086 -0.1672978978693112 -0.741348054008095 0.16809799680238602 0.01132468702131241 0.9857052373478058 -1.5726195389121298
0.28353092044208256 -0.9570206977840994 0.061004927391985694 17.76236660136264 0.9526105550874641 0.2883924283248176 0.09676227374792588 0.7488264284875733 -0.11019685789177001 0.030678841206131763 0.9934361887977657 -1.4998917976858717
0.23141149942010922 -0.9722458479077646 0.03444893557497112 18.23845130021004 0.9718517924447392 0.23263611851520727 0.03720927148071877 1.8701618498331622 -0.04419062635994335 0.02486860648066602 0.9987135429909949 -1.6156863330701672
0.07217201982109413 -0.9967085183119174 0.03692328641123413 18.454188264210575 0.9970749017820895 0.07116588692667009 -0.027875738092057886 3.1501025492393118 0.025156307184883146 0.03882713049406087 0.9989292338030843 -1.6319728620285858
-0.13218870826953555 -0.9900223444791094 0.0488047419634474 18.460614442274558 0.9905774053901234 -0.1337210944844341 -0.029581629780255716 4.179415861218294 0.0358126979799444 0.044434517235726584 0.9983701840206491 -1.4869313604396588
-0.2810966828926047 -0.9592970059388914 0.027090759742997298 17.91866190330349 0.9575187103116688 -0.2784587842418292 0.07495748716199649 6.023875396576257 -0.06436283298498358 0.04701021032968029 0.9968186725051384 -1.4729859458054433
-0.45379911428403535 -0.8909971936378687 0.0137972752551711 17.651338935191554 0.8910617552072555 -0.45357240858659575 0.016763608678314345 7.030015816758647 -0.00867826491820132 0.01990153507637358 0.999764280527972 -1.492210462521264
-0.6838239715243137 -0.7287270989455064 0.036627738548553945 17.05358883050323 0.7288989970197461 -0.6845341506747805 -0.010920105474080781 7.985616539940922 0.03303071468077815 0.019230491996392172 0.9992693130809399 -1.3859550217114847
-0.9464704448885061 -0.31336669603981726 -0.0774274548570576 15.793277677685051 0.31187366907241154 -0.9496180530754443 0.030989801750161503 8.8645569064578 -0.083237680721323 0.005183347016272921 0.9965162424275101 -1.2316789398247425
-0.9878757886337406 0.15487128996931773 0.010784700946512247 13.991961628679308 -0.1550926218393758 -0.9876040743811824 -0.024175833319181914 9.116687471098377 0.006906872103533179 -0.02555534795161286 0.9996495482461928 -1.0546690838754122
-0.9133889864950778 0.4070741066330653 -0.003351277127793933 12.953133024248233 -0.40695156342379096 -0.9132651843323213 -0.018361048809478656 8.866746033867662 -0.010534912264828071 -0.015406972296454232 0.9998258052422078 -1.0173984337902091
-0.7805480705298381 0.6201797093870625 -0.07824217313396924 11.332200034199206 -0.6173219213463699 -0.7844575636892384 -0.059497699081317655 7.985018037514982 -0.09827693023987562 0.0018597944304898318 0.9951573675290268 -0.827364471194353
-0.7645625587433069 0.6414372220588819 -0.06326439698023255 10.464236634654245 -0.639874260600388 -0.7671523459265993 -0.045146525452388356 7.409416702371996 -0.0774920924288076 0.005963916221807819 0.9969751287340644 -0.716817973988967
-0.7566757925591381 0.6514896705587836 -0.05479921632841348 9.634711163319023 -0.6506156385240986 -0.7586017782333336 -0.03496616892232255 6.646232224213763 -0.06435088082443431 0.009195173540075813 0.9978849697839364 -0.5328196635439185
-0.7602366229595859 0.647679299093754 -0.05051537029883142 8.704589845786504 -0.6468753346044315 -0.7618761796719128 -0.03312081413456804 5.934715884583863 -0.059938123022077246 0.007497491177387195 0.9981739372647612 -0.4538057206183302
-0.7547743767329252 0.6542002786876577 -0.04834910125757647 7.848849144567058 -0.6534965852475833 -0.7562797794566569 -0.03135455716062605 5.235118989447231 -0.05707760766861715 0.00793035623296744 0.9983382473655138 -0.40092992252353593
-0.6580003683912349 0.7526316491396711 -0.024106345851206367 7.004889364355349 -0.7519164764702201 -0.6584320279129843 -0.032998136780792206 4.320155387559776 -0.04070783228824564 -0.0035868275249740207 0.999164654628404 -0.3067791286753451
-0.612658330919126 0.7898274788713706 -0.02867617783257517 5.923383310213908 -0.7875037910496608 -0.6131270266224653 -0.0625542029563707 2.880554075619316 -0.06698916806322214 -0.01574175481925909 0.9976295146583263 -0.009146400117855178
-0.710609986797596 0.7030845142744078 -0.026563366711330416 5.121361941723963 -0.702276139660659 -0.7110840236283285 -0.034172137829947526 1.9753442346452392 -0.04291468661009445 -0.005628243781761024 0.9990628871823287 -0.0440984629221089
-0.8036483881564869 0.5947790146982213 -0.019677192078504647 4.118216060326589 -0.5937576925979731 -0.8036145036877524 -0.04068822856083627 1.1154240016487091 -0.04001338143936633 -0.021015545134518757 0.9989781159607487 0.2157255635419222
-0.9355608994643003 0.35185544897276055 -0.03038990657647313 2.5212742013825675 -0.3515813981570517 -0.9360509645356501 -0.014110714433087977 0.22151572121395752 -0.03341143312523654 -0.0025169068430850733 0.9994385130244187 0.3864245645616628
-0.9960623502567413 0.08066096981203703 -0.03679133525707391 1.68463101480307 -0.08114493549084707 -0.9966318182028333 0.01185404529689526 -0.010962121408573607 -0.035711256561524206 0.014792798744532758 0.9992526603717903 0.5336694837005117
