0 0.033583295 -0.012025705 0.999363570
1 0.076887687 0.014980748 0.996927209
2 0.085588809 -0.001907538 0.996328719
3 0.096203620 -0.001249771 0.995360890
4 0.066877275 -0.009185731 0.997718925
5 0.040175718 0.015757993 0.999068365
6 0.013016057 0.009553078 0.999869652
7 -0.004440016 -0.003518498 0.999983953
8 0.054692984 -0.024373824 0.998205687
9 0.090132623 0.027031148 0.995562870
10 0.101361030 -0.002073115 0.994847548
11 0.061475427 0.009376746 0.998064551
12 0.054659257 -0.046279928 0.997431970
13 -0.010810155 -0.006880036 0.999917899
14 0.046464333 -0.033662775 0.998352585
15 0.121213334 -0.025446342 0.992300263
16 -0.072147559 -0.025954527 0.997056213
17 -0.009467628 -0.001013962 0.999954667
18 0.031945620 -0.007340114 0.999462656
19 0.143216430 -0.011171331 0.989628342
20 0.117737216 -0.020660671 0.992829837
21 -0.000511282 -0.009473619 0.999954994
22 -0.088763535 -0.027864464 0.995662898
23 -0.009939060 -0.027527236 0.999571641
24 0.098993863 -0.043873855 0.994120365
25 -0.059873606 -0.021328198 0.997978086
26 -0.063100682 -0.014163408 0.997906660
27 -0.008271369 -0.031753820 0.999461495
28 0.003045773 -0.018051221 0.999832424
29 0.007154785 -0.019291314 0.999788305
30 -0.016260272 -0.014713028 0.999759536
31 -0.038535173 -0.012366296 0.999180722
32 -0.030640623 -0.006562656 0.999508921
33 -0.003071499 -0.011561058 0.999928451
34 0.001260258 -0.025894184 0.999663895
35 -0.016009669 -0.020810340 0.999655251
36 -0.025883587 -0.016852662 0.999522900
37 -0.016677566 -0.019613796 0.999668524
38 -0.013132488 -0.000343521 0.999913706
39 -0.026231904 -0.009071345 0.999614725
40 -0.025157789 -0.010350716 0.999629906
41 -0.001511236 -0.029775139 0.999555480
42 -0.022907786 -0.014533176 0.999631942
43 -0.031079657 -0.006781825 0.999493903
44 -0.023976056 -0.019512102 0.999522099
45 -0.019690831 -0.001459001 0.999805052
46 0.024809783 -0.020964741 0.999472338
47 -0.047235367 -0.003250485 0.998878498
48 -0.045353499 0.020972977 0.998750817
49 -0.034484025 0.002170392 0.999402892
50 0.021632349 -0.016430036 0.999630980
51 -0.052337134 -0.010272780 0.998576634
52 -0.043245633 -0.026342073 0.998717132
53 0.005152282 -0.033194728 0.999435623
54 -0.034648173 -0.029889194 0.998952522
55 -0.038836413 -0.049391221 0.998024168
56 -0.015246965 -0.017872554 0.999724013
57 -0.020760666 -0.067195200 0.997523834
58 -0.022849406 -0.030381791 0.999277164
59 -0.021359276 -0.044451075 0.998783201
60 -0.022639299 -0.048290570 0.998576729
61 -0.022476343 -0.004285873 0.999738188
62 -0.026160822 -0.045777024 0.998609070
63 -0.024231123 0.000145332 0.999706373
64 -0.012508304 -0.022173972 0.999675876
65 -0.008324402 0.008133827 0.999932270
66 -0.023487889 -0.009791176 0.999676174
67 -0.033590966 -0.020648441 0.999222342
68 -0.023439397 0.009378874 0.999681265
69 -0.017717500 -0.028657417 0.999432260
70 -0.012753239 0.013032822 0.999833736
71 -0.012209549 -0.021280123 0.999698996
72 0.015204975 -0.025627056 0.999555933
73 -0.040952279 -0.001153224 0.999160438
74 -0.056307551 -0.024772678 0.998106094
75 -0.017633856 -0.002253817 0.999841971
76 0.014486661 -0.041673546 0.999026252
77 -0.003368855 -0.009169185 0.999952287
78 -0.038567483 -0.027361697 0.998881318
79 -0.036291914 -0.009151010 0.999299333
80 -0.023862637 0.004785052 0.999703795
81 -0.013523197 -0.035647385 0.999272929
82 -0.003227317 -0.013798604 0.999899586
83 -0.019428865 -0.036755018 0.999135420
84 0.130922997 0.004136075 0.991383912
85 -0.032440839 -0.022340472 0.999223947
86 -0.138040546 -0.018704979 0.990249934
87 -0.059405310 -0.006196779 0.998214711
88 0.013021410 -0.021878434 0.999675836
89 0.015981542 -0.004777973 0.999860871
90 0.011743159 -0.014925881 0.999819642
91 -0.014625878 -0.023140672 0.999625226
92 -0.000908121 -0.006797198 0.999976486
93 -0.041091913 -0.019257362 0.998969774
94 -0.037585191 -0.021488048 0.999062369
95 -0.002741020 -0.008704816 0.999958356
96 0.014575217 -0.014798916 0.999784254
97 -0.020293851 -0.019176598 0.999610133
98 -0.040370721 -0.028927439 0.998765943
99 -0.018979438 -0.007011362 0.999795290
100 -0.002165261 -0.020536634 0.999786756
101 -0.033790889 0.009114432 0.999387364
102 -0.053789941 0.018306740 0.998384448
103 -0.029858725 -0.003005497 0.999549610
104 0.063076255 0.000317456 0.998008660
105 0.065611446 0.014516306 0.997739653
106 -0.063057519 -0.026146780 0.997667327
107 -0.105693124 0.000596900 0.994398616
108 -0.026379393 -0.000632881 0.999651803
109 0.063439436 -0.030884111 0.997507699
110 -0.000594248 -0.015759493 0.999875635
111 -0.049604810 -0.017693401 0.998612190
112 -0.045050292 -0.021915366 0.998744306
113 -0.002051843 -0.009442776 0.999953311
114 -0.000591648 -0.023271866 0.999728998
115 -0.001561593 -0.014956029 0.999886933
116 -0.001233411 -0.031227364 0.999511546
117 -0.024004927 -0.014834857 0.999601766
118 0.023679849 0.012533667 0.999641022
119 -0.069286960 0.028890565 0.997178345
120 -0.087320049 0.001780220 0.996178719
121 -0.029502691 -0.001815550 0.999563052
122 0.061840838 0.030702782 0.997613678
123 0.046469438 0.023276653 0.998648481
124 -0.092377164 0.029518952 0.995286437
125 -0.081178789 0.023931582 0.996412206
126 -0.017301239 0.021597595 0.999617032
127 0.012148412 0.017917055 0.999765670
128 0.000739648 -0.011818828 0.999929882
129 -0.025409727 0.012482494 0.999599186
130 -0.034822273 -0.007757997 0.999363409
131 -0.021206993 0.000876419 0.999774722
132 -0.013423792 -0.014558439 0.999803908
133 -0.015317740 -0.002812750 0.999878720
134 -0.004215112 0.006935530 0.999967065
135 -0.036931693 -0.015669749 0.999194930
136 -0.054871684 -0.001196880 0.998492697
137 -0.028015731 -0.013214462 0.999520133
138 -0.000826942 -0.016529989 0.999863028
139 0.003799321 -0.009171287 0.999950725
140 -0.008050808 -0.009016125 0.999926944
141 -0.028212453 -0.001540009 0.999600763
142 -0.023970103 -0.009291946 0.999669492
143 -0.004336854 -0.009151520 0.999948719
144 -0.008969664 -0.010528147 0.999904347
145 -0.026789894 -0.021351404 0.999413037
146 -0.025664113 -0.030318512 0.999210759
147 -0.001943975 -0.026956129 0.999634727
148 -0.024765807 -0.026351596 0.999345910
149 -0.029452884 -0.030300141 0.999106816
150 -0.025739655 -0.016029929 0.999540150
151 -0.022777667 -0.040599172 0.998915855
152 -0.010763422 -0.002031270 0.999940010
153 -0.007853584 -0.020079295 0.999767545
154 0.023228203 0.005353764 0.999715854
155 -0.045604961 -0.014164380 0.998859128
156 -0.054508866 -0.007206335 0.998487282
157 -0.031643965 -0.001215441 0.999498465
158 0.002035104 -0.030897180 0.999520496
159 0.002603214 0.007766671 0.999966450
160 -0.024059942 -0.030417045 0.999247678
161 -0.021180663 0.008536535 0.999739220
162 -0.022355205 -0.014813915 0.999640332
163 -0.025805266 0.002240826 0.999664477
164 -0.024415329 0.021848631 0.999463120
165 -0.024839169 -0.011219399 0.999628501
166 -0.028650509 0.004491626 0.999579398
167 0.008707104 -0.019259397 0.999776606
168 -0.040145984 -0.004199609 0.999185000
169 -0.035444876 -0.029088424 0.998948209
170 -0.023631268 -0.010699453 0.999663486
171 -0.008549264 -0.012733827 0.999882373
172 -0.021569273 0.005521749 0.999752108
173 -0.031760147 -0.014822312 0.999385607
174 -0.025158069 -0.014888270 0.999572614
175 -0.019322161 0.001550886 0.999812107
176 -0.018952391 -0.036031896 0.999170911
177 -0.018278382 -0.020923494 0.999613980
178 -0.002450350 -0.038828697 0.999242877
179 -0.015293161 -0.064544922 0.997797611
180 -0.028688402 -0.003825841 0.999581082
181 -0.036548305 -0.056672185 0.997723652
182 -0.034869276 0.000231464 0.999391855
183 -0.027275796 -0.036179104 0.998973024
184 0.046053990 -0.000326507 0.998938899
185 0.081201837 0.001688927 0.996696247
186 -0.039355069 0.009668777 0.999178509
187 -0.090309346 0.024610704 0.995609630
188 -0.049643547 0.011467355 0.998701166
189 -0.014079681 0.011056045 0.999839750
190 0.000371012 0.019763668 0.999804611
191 0.063361164 0.028866924 0.997573087
192 -0.087391469 0.013430155 0.996083512
193 -0.075328954 0.021997666 0.996916070
194 -0.038046120 0.011365999 0.999211342
195 -0.002967606 -0.022972802 0.999731686
196 0.023444925 0.003888832 0.999717566
197 -0.003850976 -0.020909289 0.999773960
198 -0.029054429 -0.007794040 0.999547444
199 -0.033119356 -0.010550433 0.999395716
200 -0.000092172 -0.033167476 0.999449804
201 0.049980567 0.014933720 0.998638537
202 0.080044443 -0.034500266 0.996194067
203 -0.075630739 0.004961682 0.997123550
204 -0.131129032 -0.024357638 0.991066033
205 -0.065528358 -0.007367216 0.997823511
206 0.032881348 0.048000826 0.998305934
207 0.159998317 -0.036078490 0.986457744
208 -0.073035065 0.013999351 0.997231115
209 -0.089201124 -0.018249213 0.995846437
210 -0.044037353 -0.004248906 0.999020850
211 0.012522204 0.007486799 0.999893565
212 0.037504424 0.028042095 0.998902928
213 -0.040854354 0.026145549 0.998822973
214 -0.075298891 0.018486744 0.996989627
215 -0.028072144 0.021095299 0.999383281
216 0.003472341 0.013699179 0.999900133
217 -0.002786231 0.028644362 0.999585783
218 -0.115131489 0.007145913 0.993324557
219 -0.117378372 0.040002935 0.992281252
220 -0.028833622 0.019612504 0.999391801
221 -0.026987978 0.023658428 0.999355756
222 -0.083165509 0.035596884 0.995899774
223 -0.099059868 0.033990155 0.994500785
224 -0.092969770 0.051782212 0.994321490
225 -0.092455399 0.045186941 0.994690977
226 -0.080789838 0.050393052 0.995456449
227 -0.069244942 0.049216323 0.996384911
228 -0.054984362 0.036320278 0.997826416
229 -0.116767473 0.026603501 0.992802906
230 -0.081866299 0.027462902 0.996264873
231 -0.052999652 0.010053745 0.998543919
232 -0.059225365 0.022310823 0.997995282
233 -0.102559144 0.015612655 0.994604377
234 -0.065481546 0.005251867 0.997839960
235 -0.061685486 0.004956377 0.998083331
