1 0 0 0 0 1 0 0 0 0 1 0
0.9854747371280057 -0.1654185529668569 -0.03842193145638079 1.2345910011081171 0.16435915675811558 0.9859657177346576 -0.02928602126856132 0.1265819998443877 0.04272715848554428 0.022545637855971842 0.9988323603795675 -0.09848000004527915
0.9692155454010337 -0.24073257516495286 -0.05166288617012522 2.379661385360656 0.2407232551146254 0.9705720578643875 -0.006495763227449341 0.3413339942852589 0.05170629555475781 -0.0061406634282006765 0.9986434555198693 -0.24426695152668404
0.9167990064670252 -0.3943951183377976 -0.06270623870389658 3.4205311216327585 0.39287913935337637 0.918907496027605 -0.03542591714024839 0.647925915357516 0.07159304157546018 0.00784247254328867 0.9974030940509366 -0.36991524455699626
0.8370329508727224 -0.5458478952743481 -0.037761281464840035 4.3235541237810065 0.5452390934803888 0.8378836880067337 -0.025792563131976035 1.0954799134100726 0.0457183780769404 0.0010002983543817233 0.9989538674579603 -0.4256701612228664
0.7323644403058407 -0.6809127607126676 0.000372658243336507 5.185676577943022 0.6806360552075119 0.7320510029797429 -0.028911751726758098 1.7926790597812792 0.019413575844502963 0.02142758350831368 0.999581898464515 -0.6055973831081428
0.6664111452450988 -0.7448549770141734 0.03297345463142831 6.694077438596902 0.7454712014128699 0.6664288119766084 -0.012055141289070495 3.4098756608922334 -0.012995128209014134 0.03261444135136454 0.9993835224067733 -0.7427400370306412
0.6140445781058954 -0.7888257149299076 -0.026518815284133836 7.3888172330459305 0.7883772800758497 0.6146014914501613 -0.026949414974054346 4.200572816865608 0.03755689495897107 -0.004358689316595274 0.9992849851110956 -0.717614675085803
0.5407615327384833 -0.841167558826134 -0.0037553546847132815 8.141078609991727 0.8374512161388807 0.5387813404203985 -0.09159764081190919 5.26236387184933 0.07907227894677069 0.046387554292931024 0.9957890185721493 -0.9308240314952462
0.562156687758577 -0.8257157792598221 -0.04661877614921268 8.824901475395821 0.8212584068212161 0.5639937714286806 -0.08628820901566608 6.265332335649491 0.09754223512808896 0.010221431944609352 0.9951788958248755 -0.96323165979007
0.6306070608984695 -0.776022417302295 -0.011132950610525001 9.461541532139789 0.7746281431090057 0.6302282329914811 -0.052570088871238776 7.134025922956319 0.04781186723490786 0.024527172375507944 0.9985551778278322 -1.2741150602672875
0.8013676459034407 -0.5976453605107065 0.025098190357187928 10.885018833316126 0.5977622204036299 0.8016663251157882 0.0033809811400739376 8.359799623278999 -0.022141001723042803 0.01229334109896063 0.9996792734709093 -1.4261256123966604
0.9798073274759826 -0.1834735014999913 -0.07946744787461539 12.668693768346541 0.1837216736587389 0.9829691592404399 -0.004240119122664118 9.11930389230186 0.07889199992650624 -0.010445392739155544 0.9968284436742971 -1.5151854511398732
0.997767481507748 0.011845376859516251 0.06572472816787736 14.258932023355019 -0.011876573860469622 0.9999294674851633 0.0000839534001604361 9.259948326214204 -0.06571909797784915 -0.0008643505611871685 0.9978377889512325 -1.6622823786861936
0.9901588577398157 0.13994172940022392 -0.0013224265039918285 15.474903431415372 -0.139946715932662 0.9900655994875239 -0.013602404606249528 9.128278126551995 -0.0005942550351471557 0.013653610653734733 0.9999066085275511 -1.6565195404366218
0.8927644905727069 0.43899192925927133 -0.10128005932896479 16.798332403464645 -0.4337582568430407 0.8982971174153815 0.07011464514424101 8.926673961103422 0.12175934868806733 -0.018664803466392977 0.9923841424159391 -1.9571597960761984
0.5118632262350841 0.8574669415427837 0.0524068868515901 17.644792940797817 -0.8580419380220897 0.5132794701315896 -0.017556142421685184 8.230034276852532 -0.04195319086204229 -0.03598096305963624 0.9984714818530341 -1.8121543316651871
-0.1261780971486818 0.9901174427220393 0.06120896517264665 17.830132741671505 -0.9909708789309567 -0.12298588931493253 -0.05339651805334841 6.876138088323944 -0.045340984889437795 -0.06739377305792864 0.9966956779490277 -2.0300278229257116
-0.32847403709346074 0.9437963463716814 0.03678673036556316 17.06478612694859 -0.9424862551044291 -0.3249703775688664 -0.07819151259553102 5.4202949919325265 -0.06184226624851637 -0.06035486954847437 0.9962594159289209 -2.0565417387247633
-0.3730364089591994 0.927701686191465 0.014608868140167593 16.931217957222728 -0.9245780712519691 -0.3703737694539126 -0.08932335114900422 4.359424959502855 -0.0774546819166746 -0.04682790127703648 0.9958955366458745 -1.9991293011966547
-0.5072362720477513 0.8604029923365105 0.049173723648697834 16.32908547702563 -0.8617618856381281 -0.50579931153427 -0.03916004229920281 3.3527919542895632 -0.008821382007170551 -0.06223943468442991 0.9980222622715619 -1.9668466789724683
-0.517139317561381 0.8544908633866884 0.049115075290793196 15.715521938974772 -0.8558900983545661 -0.5165731940498148 -0.024582000076945755 2.4904918802569194 0.004366436849441164 -0.0547494253654144 0.998490578148535 -1.9787013547217631
-0.4801924598642323 0.8759185800415757 0.04671019832422101 15.162087294539619 -0.8771569516449224 -0.4797080209457606 -0.021815059506899 1.4913550268946658 0.0032990408492905594 -0.051447602259505905 0.9986702461529644 -1.911925931264163
-0.4559641991677193 0.889025522763103 0.04159650169342056 14.660611756892244 -0.8899114313311004 -0.4547692489821802 -0.03525017115440619 0.5847160270691298 -0.0124214920026319 -0.05309001842130237 0.9985124718702587 -1.9040707094467435
-0.4168829235953447 0.9085610619361089 0.026933710255509814 14.178666783724504 -0.9084205131792349 -0.4154315296581194 -0.046784777450476496 -0.37986131981207455 -0.03131771463203444 -0.04397090969544326 0.9985418167762334 -1.8842283272826903
-0.40651267452592205 0.9129299991464894 0.03614224824458385 13.684326413449618 -0.9132066215420968 -0.40477404096902375 -0.04702809935854342 -1.4776792722829035 -0.02830391883559028 -0.052122858862484495 0.9982394981979773 -1.8933263492662342
-0.45166767066081154 0.8912534393156856 0.04078752490404578 13.171317231573253 -0.892186248915559 -0.45118969557770605 -0.020773922366294904 -2.5207497404748502 -0.00011191881221283305 -0.04577297797236356 0.9989518616838962 -1.8786666248600017
-0.4562692608459875 0.8883093849040876 0.05219960055764086 12.672299676687992 -0.8898284859776822 -0.4557971741894843 -0.02131200468154842 -3.4915619791870016 0.0048607766582532295 -0.056172704156041746 0.9984092348120964 -1.8322583112653994
-0.4660527949014676 0.8833925432087862 0.049116259707381524 12.145226068711235 -0.8846979688831723 -0.46466231842798367 -0.037395637273877715 -4.484260675133342 -0.010212552008141218 -0.06088139647087113 0.9980927608921112 -1.8658966184260588
-0.41289348198215137 0.910089394918822 0.035443839985902996 11.646276793161057 -0.9104649779642096 -0.411415960308527 -0.0423134908042694 -5.470577965444339 -0.023926897778138678 -0.04974133954472656 0.9984754892850451 -1.8586009192585025
-0.38971293569802395 0.9198855991052015 0.04398081750596892 11.227858699850307 -0.9207213480198457 -0.38814541116353246 -0.040191281308394916 -6.497352623703887 -0.019900428391015978 -0.05615713980927018 0.9982235964944406 -1.855657015542466
-0.32752869314334226 0.9442830114607041 0.03247382691520033 10.770499674767866 -0.9447116324236058 -0.32672104272833474 -0.02780812474863774 -7.557495263408581 -0.015648857189604817 -0.03978636079378894 0.9990856613741617 -1.867994002965383
-0.31131295254605706 0.9492670624390922 0.04445548048681189 10.40179325863672 -0.9500870085349042 -0.3098924528501724 -0.036074144199150095 -8.600143617347996 -0.020467579003240265 -0.05346692280990662 0.9983598381220002 -1.8232879297773463
-0.37163834529910794 0.927669680951072 0.03624780472630577 9.965565821207495 -0.9280806775354278 -0.3702488175640608 -0.03977523196407293 -9.604540251392386 -0.023477569906658693 -0.048422888560577894 0.9985509639346044 -1.85639112023875
-0.41383645150478293 0.9083463143453702 0.06038513576296747 9.513842436896097 -0.9103441183344301 -0.4131842847889294 -0.023501766260653187 -10.687847159237148 0.0036024463686333765 -0.06469714073004701 0.9978984429096562 -1.8540479488324622
-0.45623978216130134 0.8890406400743278 0.038105137050509545 9.149647147790878 -0.8896806304854564 -0.45487877772268215 -0.039416662929773194 -11.736232073474294 -0.01770979707418856 -0.05188485206443705 0.9984960316465168 -1.861800333828436
-0.394034114382129 0.9186323011709719 0.029185817590340946 8.607713046520946 -0.9187019827710003 -0.39273712770565705 -0.04176380459373433 -12.654052509518742 -0.026903225749425216 -0.04326943224535943 0.9987011428237375 -1.81356569971234
-0.43003645251292383 0.9019530236192952 0.039362325821920355 8.148821257309445 -0.9025641213375908 -0.4284891468537201 -0.042131436038589994 -13.635308942810546 -0.021134246714816427 -0.053645076312575854 0.9983363909039951 -1.8304698896311828
-0.4368863962662155 0.8990734033038841 0.028236363595380343 7.691484459874876 -0.8992596548488113 -0.4357959473129737 -0.03760273217179166 -14.689879405533109 -0.021502323565494804 -0.0418199447292649 0.9988937592677846 -1.850027299777199
-0.35752001289493435 0.9321528727318816 0.057187955351688705 7.184592991208997 -0.9333516483032114 -0.35874602901954245 0.012489486474150222 -15.753696158369781 0.03215806258599035 -0.04891123102529971 0.9982853051559486 -1.8790523686000749
-0.2752663624004154 0.9605502922560991 0.03964297891891976 6.858090011336925 -0.9602809522971699 -0.27276082783054645 -0.058838962061164735 -16.725628784714427 -0.04570473045630387 -0.05426478460214981 0.9974800302592524 -1.8412471160476729
-0.2809875538507499 0.9593678169106264 0.02567852131863248 6.328845520558957 -0.958702180266686 -0.27936482653518424 -0.05334250881679442 -18.67198358480964 -0.044001410578244096 -0.03960663544289066 0.9982460569899682 -1.8916701277617556
-0.3227278637545727 0.9438249904075204 0.07100079885927174 5.96537360233218 -0.9447793196830475 -0.32574673330687287 0.03579249696709551 -19.885614498194016 0.05691013139721619 -0.05552885035858293 0.9968338797022328 -1.9717177790922014
-0.33761751253056815 0.9405075280818601 0.0382100098667979 5.4203128323624705 -0.9396396156072522 -0.33435216665618606 -0.07270503031956357 -21.774127262976698 -0.0556040287580513 -0.060450130468537776 0.9966212789782339 -1.8701889950096182
-0.381925057958544 0.9221947123465156 0.06074670874615751 4.949151582343653 -0.9241932965536154 -0.3810972446371453 -0.025132463773720658 -22.833114010531805 -0.00002662187642978527 -0.06574041869431296 0.9978367585137219 -1.907068816807396
-0.4476654614636035 0.8929868529225067 0.04658449441752339 4.531182215412281 -0.8939210351688923 -0.4456137373482466 -0.04830714200926617 -23.874039432363617 -0.02237895205666405 -0.063268298492098 0.9977456113212227 -1.9754488712051113
-0.40350924930584614 0.913472393923539 0.052425864458599286 3.8826246395362305 -0.9141724280326592 -0.4000925439482161 -0.06492093731545556 -24.708014996280312 -0.03832828654538392 -0.07412247848422016 0.9965123183552981 -1.910885199875004
-0.3952868532623747 0.9162387583606523 0.06522914467980952 3.578267112338377 -0.9183770966498597 -0.39280314978566655 -0.04784552087116857 -25.938973417295326 -0.018215707148064017 -0.07881765789586062 0.9967226117716534 -1.9695327483098437
-0.3845560558505754 0.9214385918575795 0.05538556981896214 3.046971114347967 -0.9228115851867994 -0.3822386398429988 -0.04808742513382711 -26.90300197655234 -0.023139104426840865 -0.06960275602658497 0.9973063913360968 -1.856360219790854
-0.4047992664326477 0.9111454961404519 0.0771455686255539 2.5324423116281944 -0.9141629851751856 -0.4013058190657219 -0.05709357336498696 -27.92448397732588 -0.021061586625503538 -0.09363505992393878 0.9953837878536382 -1.9583721736949404
-0.404693494413804 0.9132035391925649 0.04777521936441261 2.248230550116518 -0.9142169593613751 -0.402851320035094 -0.04379686246781236 -29.05468811385651 -0.02074913962521648 -0.061401221096615825 0.9978974713128886 -1.8740943449413592
-0.4565909860202911 0.8871068067008373 0.06757355244517689 1.6132563573144616 -0.8893709566783261 -0.45312447420731106 -0.06080717302610838 -29.91523262556372 -0.023323226665655304 -0.08786196207341743 0.9958595798196213 -1.8953407465093723
-0.47167267774742155 0.8813490184072998 0.027364078991758252 1.1914656013536256 -0.8815092881869452 -0.4705441818635431 -0.03910943306305973 -31.072045071223826 -0.021593052278967486 -0.04256854081195304 0.9988601801185285 -1.9581385451005713
-0.3998657979482654 0.9155629471265789 0.043032934830082296 0.6078729859337326 -0.9162509905238796 -0.39803846628214085 -0.045271422815844606 -31.962542736836056 -0.024320073914502853 -0.0575314627717236 0.9980474261257022 -1.8268719664920587
-0.41737434291627246 0.9078191936797269 0.04077952258057769 0.10587278209338852 -0.9085032805526542 -0.415835158772722 -0.041266329537900916 -33.021783377724894 -0.020504806760248802 -0.05427183721927356 0.998315641760946 -2.0009542386168486
-0.3711906069476768 0.9282951208661824 0.022038645372506053 -0.24791556798769396 -0.928445647937971 -0.37067461524256207 -0.024269496076750156 -34.131770411480225 -0.01436008840000715 -0.029470293361594586 0.9994625003822432 -1.8282825562021428
-0.39416116966014364 0.9175249858152625 0.052771893436270305 -0.782281460460154 -0.9190233361877581 -0.3931437807236664 -0.028880360465628 -35.056184255807764 -0.005751510625083293 -0.05988211822408459 0.99818888595422 -1.9646526941948392
-0.39168735980248837 0.9199492178844156 0.016566492833644465 -1.1813884056573292 -0.9200039612174776 -0.39132575750297344 -0.02137435049009242 -36.245801315473784 -0.013180421658854378 -0.023613301941391236 0.9996342773516315 -1.9420312719135
-0.419392610817783 0.9073000839845536 0.030272026576798564 -2.156997081162552 -0.9075293930865999 -0.4182105613058338 -0.03860475483833229 -38.241125389877865 -0.022366016080473995 -0.04366330282837206 0.9987959137435463 -2.0001274190529017
-0.37586079787967486 0.926337372471114 0.025054599988154146 -2.4994415310364086 -0.9264168611750018 -0.3749787427259833 -0.033804464709533064 -39.18583496699478 -0.02191939661376089 -0.0359167769566413 0.9991143704226932 -1.7947969496735843
-0.3947002746796479 0.9173202828650525 0.052299061293583915 -3.0181286479459226 -0.9187557980856341 -0.3934192580975928 -0.033302715234187326 -40.24059541019083 -0.009973798265476726 -0.061194656648428096 0.9980760178192045 -1.9600979258630402
-0.3970332721354272 0.9173475631617602 0.028948733627151932 -3.4756856689696622 -0.9177502235521094 -0.3964702584147824 -0.023363676135579915 -41.333166113452975 -0.009955299467537216 -0.03584386354309081 0.9993078151694879 -1.8785891586376204
-0.40081512804475516 0.913728016390202 0.06669591587265969 -3.834371650670149 -0.9160893461114183 -0.4006186301653947 -0.016882627329805708 -42.28163241890169 0.011293496873012922 -0.06786623039501499 0.9976305086054408 -1.9489797052932958
-0.37672854487397367 0.9260173769474708 0.023820601765355845 -4.414732626957531 -0.9259038012912016 -0.3756590584785452 -0.0397796749297316 -43.1807971790652 -0.027888245402687147 -0.037041724775424376 0.998924499846721 -1.9087772015552271
-0.37289776392284507 0.9270287261010981 0.03956006376028118 -4.546057557807546 -0.9265080813183525 -0.3696996430971571 -0.07003534211824608 -44.19327412776502 -0.05029943253285549 -0.06276874124283519 0.9967597765809288 -1.8367281355423037
-0.3983917228174898 0.9166158777743181 0.03315671579831345 -5.297100986090646 -0.9168705648799448 -0.39699054723280225 -0.041795605804098225 -45.26375356293448 -0.02514761315201793 -0.04705144014605881 0.9985758656871986 -1.896589262550007
-0.47289479174080784 0.8793618673136189 0.05561674441319127 -5.671758673400197 -0.8809041970425682 -0.4732301484546123 -0.007811672446565634 -46.376876831318796 0.01945023334576247 -0.052687122794190064 0.9984216321346735 -1.8724689953132903
-0.4890605216414538 0.8708096754695421 0.05010304661813281 -6.217580529839233 -0.8722356158218445 -0.48791686832020537 -0.03379585922106111 -47.26409303784829 -0.004983639601285884 -0.06022988226149106 0.9981720916851415 -1.8172016984768138
-0.44681082452630255 0.89426229452252 0.025593664869309956 -6.8024479485547396 -0.8941921725149569 -0.4455167922841702 -0.043990298996546856 -48.30967402955008 -0.027936458242012754 -0.04254099655791366 0.998704069238106 -1.8667976301500024
-0.5208814554101193 0.8527329807028001 0.03910208474690008 -7.187930478394459 -0.8529340126568652 -0.5180629752548368 -0.06414299434205449 -49.26535690719015 -0.0344395043938571 -0.06676239429367463 0.9971743595005247 -1.8178146883629867
-0.46934409389228166 0.8828816195263282 0.015367739944491223 -7.932354837151565 -0.8827982552858337 -0.46877172844964526 -0.030336563263171048 -50.22391601802995 -0.01957963208850753 -0.027804900807242232 0.9994215954732903 -1.8580386282171988
-0.4144860966580646 0.9078448965621719 0.06339494824653086 -8.312607263169069 -0.9100303957006988 -0.4129488376291717 -0.03630339380201464 -51.40293699803078 -0.006778980601079361 -0.07273858183065328 0.9973280022817345 -1.8723560529056944
-0.4835555623058842 0.874718054510125 0.032285341519980255 -8.934534888379705 -0.8753070007276224 -0.48307887535656496 -0.021736022208542195 -52.22578435764584 -0.00341652458707021 -0.03877015989466574 0.9992423139866966 -1.834711474477851
-0.48187955131944843 0.8746183145574027 0.053243796454950566 -9.456012814076658 -0.876224678083616 -0.4806537993218324 -0.03467331415876832 -53.35460575177514 -0.004734082533270981 -0.06336188947827415 0.9979793882762865 -1.889429988804044
-0.37913507350642595 0.9207774141884206 0.09179079233650077 -9.944190756332988 -0.9144145573205844 -0.3880094558375855 0.11530255652335426 -54.34434729701712 0.14178368523027488 -0.04021959349752648 0.989080265146068 -1.833878856071651
-0.352420375898954 0.9357829973044662 0.01049097741440638 -10.427558726302662 -0.9266339715454393 -0.34736227112329304 -0.14383648834003726 -55.55618665891856 -0.1309555704396176 -0.0604122053556864 0.9895458574593177 -1.7997757519113524
-0.3638101582472608 0.9313469185371325 0.015332517324018384 -10.86161693547307 -0.9293554707711004 -0.3618245705376214 -0.07335795187361775 -56.633168472798964 -0.06277402093166554 -0.040937726935605004 0.9971878081933295 -1.8304042405597591
-0.3587858881819464 0.9317093061538041 0.05648411518196793 -11.412068431232601 -0.9333754790204254 -0.3587016143619548 -0.011973596682676344 -57.87740735808446 0.009105031844196615 -0.057016845585540626 0.998331697240246 -1.8468331439894228
-0.3408642856990182 0.9388196795237269 0.049286388322379554 -11.77274861676775 -0.9399892474273962 -0.3411998466362929 -0.0016968724898393504 -58.9832659445328 0.015223450849749106 -0.046907078296739145 0.9987832460298328 -1.790432195219398
-0.40235486751515986 0.9140737118914269 0.05079182823926237 -12.063796656883673 -0.9154405098426133 -0.40225559547447953 -0.012613835600948694 -59.95518015832114 0.008901321584674592 -0.051572135291266565 0.9986296016719844 -1.7650004808913133
-0.5273140398215229 0.8490187971078711 0.03327139258595396 -12.691144871107394 -0.8495405937461161 -0.5261444399069244 -0.03811571765722105 -60.850678721985176 -0.014855402539176913 -0.04836435167075727 0.9987192831335873 -1.7683758666212168
-0.49662407134038045 0.8673142630740318 0.033622921254029214 -13.177506812869295 -0.867846967210035 -0.49554256920886863 -0.035765955966795694 -61.72567909162837 -0.014358734959950596 -0.04694178490666187 0.9987944210697847 -1.6748295790705117
-0.4719749974144268 0.8812234784891724 0.026168354459048887 -13.682596925022068 -0.8808845594431273 -0.4701723116696629 -0.054592950771070514 -62.60727344711116 -0.035804954270868786 -0.0488178071880328 0.9981657312044993 -1.8004371295392
-0.49264644432839516 0.8698196015274048 0.02670845726160574 -14.256819309267092 -0.8696015580288622 -0.4908932422023345 -0.053074994431037005 -63.62386056056635 -0.033054669327701715 -0.04937292333643933 0.9982332910080938 -1.8172543248681399
-0.4167812252184369 0.9081139066741509 0.04028079952570814 -14.871659353894701 -0.9089782445036835 -0.4160073263160742 -0.026390442784339312 -64.69600955362708 -0.007208420383183436 -0.04761341151779703 0.9988398278599107 -1.747524778551953
-0.34989529023149635 0.9354075481643443 0.05085277486024244 -15.296150331421583 -0.936761639464994 -0.34978273072325977 -0.011387366448625348 -65.75373337895465 0.007135593925713211 -0.051621314637939286 0.9986412384707424 -1.7204823066291315
-0.3277354299365047 0.94378706255802 0.04307514959274682 -15.628785719400502 -0.944582384544742 -0.3264222802368657 -0.034822604335889115 -66.74401788600886 -0.018804434905180432 -0.0521006287204696 0.9984647804078164 -1.7525365034259535
-0.35651599151248453 0.9332426853263095 0.04420902714162471 -16.061588017003356 -0.9333731342042934 -0.35367255351575816 -0.06107632303353405 -67.74551361464306 -0.04136351220004666 -0.06303820408753816 0.9971535712636715 -1.7727933150934176
-0.2177766349729089 0.9752762601862949 0.037544021853175694 -16.41826650122068 -0.9758172631999652 -0.2168334471641254 -0.027639193762705846 -68.82851993892899 -0.01881504984862681 -0.04265527526529192 0.9989126695518663 -1.7821041269230962
-0.02024289934635744 0.9983740986721822 0.05328587173502777 -16.634744677383242 -0.9995145091415177 -0.01894587150312484 -0.024734590527829517 -69.85761877746968 -0.023684827245423513 -0.05376070175784234 0.9982729165437975 -1.652050746973678
0.1312751506154917 0.9906602882943433 0.036864997320615156 -16.533075610655107 -0.9900531614947785 0.13291180283073825 -0.04614314773048906 -70.87322972692024 -0.05061197728872809 -0.03044085847757887 0.9982543673283246 -1.7535393614740817
0.18695432736201156 0.9813676891754058 0.04433438984740377 -16.26050701718981 -0.9794919138795074 0.18966815769468665 -0.06798220797652643 -71.98650207264961 -0.07512436439184068 -0.030715608397477886 0.9967009989337299 -1.85070409162556
0.32430701852283333 0.9449035222934553 0.04452292998279221 -16.100729334358068 -0.9439971503745623 0.32630241720743813 -0.04895010326126511 -73.04931912168922 -0.06078106466274037 -0.026154656985036308 0.9978083964852462 -1.7659475503910123
0.5209145865405636 0.853484758834493 0.014551974659850527 -15.702494091167596 -0.8526977867868535 0.5194956165466453 0.05505260028029705 -74.15607124439126 0.039426868225550804 -0.041086139098826815 0.9983774092175144 -1.8121527601175063
0.8750249252157737 0.4731673120651105 0.10219625748630642 -14.615022979438164 -0.47248646847589443 0.8807453042197468 -0.03231479849918453 -75.24114591914336 -0.10529918023568136 -0.020010094651046414 0.9942392462349036 -1.7537761583821079
0.9222260069860847 0.3795295506702927 0.0738682083612962 -12.483247327040342 -0.38044802719005666 0.9248006253163293 -0.0017612557225785102 -76.18460147728665 -0.06898181387652931 -0.02647873831080427 0.997266456756554 -2.0024092371019173
0.8672846954406898 0.49776556202581995 -0.006833909237756185 -11.380215662906371 -0.49702675548354397 0.8666052172429549 0.044269648528003754 -76.66748905579246 0.027958207879831495 -0.03499775290516522 0.9989962441890043 -1.959444939308359
0.8980621581638429 0.4379153874633967 0.041406201188764764 -10.506947298029372 -0.4386599565855395 0.8985911457117108 0.010554398935399854 -77.16709042088362 -0.03258531206654273 -0.027641748701883025 0.9990866484776124 -2.0488512548959483
0.8900465089851772 0.4468584046879559 0.09019300418011203 -9.579327543067485 -0.4469646670470893 0.8943246969866575 -0.02014752518815032 -77.63912846202108 -0.08966492209768225 -0.022380851624936353 0.9957204925207472 -2.0846923130019026
0.8877626744334343 0.4517354692987509 0.088388345726312 -8.629416087080925 -0.4520571106055519 0.891817456346899 -0.01749266434555682 -78.10441403957076 -0.08672832659377555 -0.02442724569786331 0.9959324811621818 -2.1268505448396557
0.9304712194415506 0.3641312226437169 0.040395079984390146 -7.642851343845192 -0.36444244891414096 0.9312258410768114 0.0003665245541890633 -78.55539236504671 -0.03748347929978301 -0.015062722422485311 0.9991837184286013 -2.132625221198498
0.955909843084813 0.28988487611311087 0.04693751691829471 -6.532651207675688 -0.29052611812470996 0.9568390594496717 0.007320450727638608 -78.91267023080496 -0.04278956158873063 -0.020634265491052142 0.9988710029361596 -2.1578406652976234
0.9578714611240953 0.2832632883317515 0.04737270783345407 -5.521557577464451 -0.28403668218091493 0.9587576703569576 0.01033889294641167 -79.23582381617662 -0.04249031818719279 -0.023358917251925085 0.9988237751701599 -2.265908359746569
0.9908873712954561 0.12908124884233413 0.0384739990705913 -4.396583673990576 -0.12939501512897306 0.9915763427616333 0.005769448434270433 -79.47043276378811 -0.03740517968080427 -0.010695217284670159 0.9992429458646581 -2.269103442004496
0.9666023349429422 -0.25574883363777035 0.016506367734073935 -2.3960028220050775 0.25617781851825183 0.9660342340227137 -0.033923207327413815 -79.36273772522568 -0.007269895603245076 0.0370188166892068 0.9992881245310834 -2.42905576160406
0.9323893046363391 -0.34365824058115735 0.11202320420532505 -0.6335670952034377 0.34185329928137553 0.9390806690760183 0.03555022838430138 -78.91434137167545 -0.11741595449598337 0.005148849230759818 0.993069475405118 -2.2895035805922332
0.8963531281093039 -0.43824964393011556 0.06699492013423312 0.48876821751856814 0.4388907297996797 0.8985228908241053 0.0056162230188505765 -78.36491987250443 -0.0626577770477846 0.024369330319478615 0.9977375099269397 -2.408746895277622
0.7935678456661993 -0.6083865386373604 -0.010765404291429857 1.4886067662777394 0.6068468885422451 0.7926078485789336 -0.05924231796334302 -77.81359254735717 0.04457497270108478 0.04047984654028851 0.9981855808579745 -2.397740650494689
0.48365089062515415 -0.8709365629359732 0.0868983275947701 2.450886395183705 0.8701576626870661 0.48916088710705435 0.05955895055843632 -76.64528497719071 -0.09437933070581526 0.046809506148992854 0.9944352226613908 -2.4367496114312233
0.398357721692259 -0.9165909871164405 0.03423576938031119 3.474411759703304 0.9171056414714395 0.39864105538067823 0.0015972934105190455 -74.80871493794918 -0.01511184798139906 0.03076152307491029 0.9994125078008071 -2.3840858152587723
0.3191243906612396 -0.9469507971180727 0.03799751468897815 3.873244915580641 0.94757573360451 0.3181396880279469 -0.029788722452556697 -73.66450830518475 0.016119937002588777 0.04551183075780562 0.9988337303536087 -2.364449444155814
0.3771963610479331 -0.925836912398121 0.02342897465343347 4.2913568803096656 0.9261324343598574 0.37704053008464533 -0.010915708871843802 -72.57491223221992 0.001272493175874375 0.025815698995057847 0.9996659094149973 -2.4309595690607946
0.45189299177995046 -0.8906472383185692 0.05040060372328997 4.751147681346969 0.8916347691760722 0.4527189725179804 0.005741978630798783 -71.59969407950494 -0.02793138694189892 0.04234417076494203 0.9987125756821786 -2.370189307095931
0.3935010248956489 -0.917822703803359 0.05252073675383311 5.265328678152635 0.9185118349876601 0.3949123373703967 0.0195001225701564 -70.62328795417342 -0.03863874213370941 0.04056760007371969 0.9984294253629462 -2.42974589895317
0.40066617923505343 -0.9156920856439752 0.031218858181719614 5.686636888506559 0.9157949840871857 0.4012887022606807 0.01693884761991184 -69.55154436946748 -0.02803854379128506 0.021803250375233132 0.9993690301060658 -2.3890459060652347
0.4255513437757272 -0.9034878233296773 0.05114495972894278 6.134650421471761 0.904757804792547 0.425904410560674 -0.004329865117639379 -68.58007404754056 -0.017870883516057673 0.04811638140974047 0.9986818539266588 -2.3922385737647676
0.3818618964129211 -0.9238826401277099 0.024947130868706847 6.748144994641453 0.924170328944859 0.38198063178241476 -0.000006407576509694954 -67.44742788248992 -0.009523400961684638 0.023057844950480556 0.9996887718787093 -2.431177667824793
0.39009776367774607 -0.9201652589271045 0.033460888171651625 7.088599400788946 0.9207593506789251 0.3896330717366483 -0.019705013229863236 -66.43443455120682 0.005094399959462065 0.03849630726028024 0.9992457562663831 -2.2395322772825574
0.41820549295862836 -0.9070182690282739 0.0492140763215617 7.8163387095455334 0.9067387009971848 0.42007746271778074 0.036876190564228736 -64.57138776574038 -0.05412110284508437 0.029202482181239588 0.9981072694161116 -2.423033540576524
0.4638607076006547 -0.8845343050675971 0.04931842559128768 8.423200427198957 0.8851286508334244 0.46506867006073305 0.01607493706809044 -63.53242939592065 -0.03715528788775816 0.036196619821804776 0.99865373843763 -2.424061623719956
0.44068375254173364 -0.8974873113895315 0.017730091385164584 8.965306155934021 0.8975366388940649 0.44086668759381076 0.008034028429519953 -62.48450740807558 -0.015027045234549972 0.012372940832777376 0.9998105311741157 -2.355470656428762
0.36693603706680566 -0.9297943179986456 0.028990876481075605 9.387797103733314 0.9302456159979515 0.3667917244247675 -0.010340445352864443 -61.41428925214776 -0.0010191262424103233 0.030762917789744482 0.9995261898873703 -2.368884219021467
0.40991677053869435 -0.9118280358067897 0.023192118227081043 9.89120306369381 0.9120262292285946 0.4101110352091388 0.0041347307965143715 -60.417063376173786 -0.013281507075576468 0.01945692463931446 0.9997224763169937 -2.3591240812272054
0.41078695849368385 -0.9107294813384832 0.042730393778266554 10.365324182792188 0.9112779135503851 0.4116094295821355 0.012257314319445446 -59.41030355180698 -0.028751330521643637 0.033904119218859025 0.9990114472283237 -2.381808662916843
0.4046965672428503 -0.9136833817649719 0.03746153158076037 10.766008586934602 0.9140194267377996 0.4054244847466757 0.014123551741562781 -58.40120381102171 -0.028092276656714755 0.028524814713079497 0.9991982580738556 -2.378518645221044
0.3943975945336058 -0.9186475018226412 0.0231798365206978 11.266698036560328 0.9189061416087237 0.39447382664367614 -0.0013794951477895286 -57.35032958788575 -0.007876569042001175 0.02184416370831434 0.9997303597330686 -2.3591990139683072
0.3822695981325992 -0.9237131495549736 0.024979425188972833 11.68932667156393 0.9240237302093479 0.3823257557662626 -0.002676282451125046 -56.317381361053165 -0.00707816032195343 0.024104643058680857 0.9996843831077237 -2.404652701211359
0.3816545271152009 -0.9240214713967787 0.0228941549353726 12.181002209437224 0.9238817963059252 0.38211221518893645 0.02080099656124588 -55.36346137174973 -0.027968703706275706 0.013212698480490994 0.9995214736121751 -2.3740706025686005
0.3690225605419326 -0.9292686917600651 0.016794294436276083 12.684793799126489 0.9292267866187609 0.3692542812025256 0.013742446790073809 -53.9999965577722 -0.01897179067056493 0.010534435349965846 0.999764520690052 -2.337884393540346
0.42231425497265457 -0.9059819763844186 0.02910890780284891 13.523942622603176 0.9060448695103699 0.4228674271165141 0.016304401792057128 -52.206697894136745 -0.02708070310809613 0.01948839527623425 0.9994432640068811 -2.4197448675199413
0.4599007364242339 -0.8878392693299629 0.015255965131229135 14.00118592400926 0.8875010507537945 0.4601483305697117 0.02460485287128791 -51.04574898477675 -0.028865161481580345 0.002223895129114055 0.9995808405242149 -2.3750507459660453
0.4831887602874365 -0.8753674366101623 0.016139171429904533 15.097947329182794 0.8749858950400707 0.4834555378648406 0.025892593318238684 -49.00362344445712 -0.030468104844513358 0.0016105372927336173 0.9995344420062835 -2.4075903137454273
0.4501196156226897 -0.8923501704207057 0.033219045468212756 15.60973233428709 0.892735452763862 0.45054020389489946 0.006077503833422059 -48.11820058934396 -0.020389777099929198 0.026920215907002942 0.9994296168141785 -2.421278464031058
0.4459638087453396 -0.8943148083609593 0.03629469431819518 16.184565253323107 0.8948599267987524 0.44633970900363285 0.0025642886507600306 -47.185763437637604 -0.018493044613645652 0.031335087567347764 0.9993378405664741 -2.4844245775815916
0.2981997580740966 -0.9544307897849944 0.011780144096855207 16.592230337195602 0.9540204042170348 0.2976335333212577 -0.035487296040548046 -46.10064986646281 0.030364002076733607 0.02182080092701207 0.9993006954990012 -2.448683763931207
0.436609595625184 -0.8987923385722069 0.03929876756232807 17.226590203177718 0.8976613256632523 0.43813175116796066 0.047378402537316774 -44.1525318513194 -0.05980138306515574 0.01459111861374636 0.9981036488466988 -2.443406222715966
0.4193178737206986 -0.9062369483698309 0.05391766118525258 17.818305069177264 0.907095416597644 0.42063869916277674 0.015523851139210202 -43.1569459813714 -0.03674814234620937 0.04239903508315694 0.9984247071552871 -2.466167435546227
0.38305771220741847 -0.9236917668280047 0.007765887752101795 18.34563498966184 0.9237064141008886 0.38308919221060084 0.0030218140755455688 -42.04853176652542 -0.005766252448217285 0.006015871141309247 0.9999652792107913 -2.476464363762677
0.44450892199708075 -0.8950929896985312 0.03493362359587307 18.63587689324637 0.895749685067074 0.4444483399912988 -0.00990831878859358 -40.82420061554679 -0.006657324329698328 0.035696118437776266 0.9993405161211294 -2.4615376671963904
0.44142184210183766 -0.8965372361504531 0.0369829894833738 19.31927789511636 0.8967437620114131 0.4422241245965784 0.016983783983778603 -40.03874260596461 -0.03158136490144268 0.025667251907769986 0.9991715616301664 -2.4773810680934707
0.4778607739599944 -0.8775682392170938 0.03902648110917382 19.793633107023716 0.877947916994753 0.4786040911151307 0.012065612808084075 -38.97057680007268 -0.029266632107743523 0.02849753472266162 0.9991653290420965 -2.4469717304082637
0.46269317450904995 -0.8848466311665794 0.054419349278486975 20.358236487415343 0.8859504967168366 0.4637217464495275 0.007338885268926697 -38.02986230989611 -0.031729223594794666 0.044817197401845275 0.9984911993538628 -2.4466517867044364
0.417633026833734 -0.9081102081599429 0.030306843012724623 20.953640994445514 0.9082639700269406 0.41816714244081793 0.01388530639856424 -37.09718692152663 -0.025282714422998287 0.021727651013974277 0.9994441923053131 -2.487291509372868
0.3306566231693858 -0.9417325722694933 0.06169246210764671 21.191441253178706 0.9434729345194695 0.33143923256648405 0.0026185768961699747 -35.897806180737426 -0.022913301452210943 0.05733931846843579 0.998091770917953 -2.453996410001191
0.4005568654570409 -0.9159643843352707 0.023736978841865108 21.692496361399396 0.9160298589404636 0.40091207257117323 0.012601888596572696 -34.95021979160969 -0.021059322513891615 0.016696008385104533 0.9996388088901215 -2.4971213026732646
0.4473643641212909 -0.8928711489055067 0.051441589852118545 22.075052294530572 0.893887991890285 0.44824426464789924 0.006429398464739936 -33.791419188344996 -0.028799022009565346 0.04310673569669297 0.9986553087371375 -2.489207524626337
0.4175320872950699 -0.9084602331888701 0.019156220750609316 22.69654459646885 0.9086621692801478 0.41744241786737296 -0.008653894160288063 -32.961995246752075 -0.00013490040048841915 0.021019811594433793 0.9997790502518127 -2.350485994404901
0.41243448291007956 -0.9103153444643659 0.03498243758542945 23.04741327103874 0.9101320707951037 0.41340690863644186 0.027465279934448163 -31.925834612724465 -0.03946404714309711 0.020511009833342954 0.9990104541288365 -2.59266360320365
0.4544517243913973 -0.890181880234552 0.0324013934848898 23.56319100983745 0.8899977005392032 0.4552722303258547 0.025125471717990885 -30.97166725919199 -0.03711769433323256 0.017418851747429433 0.9991590766095183 -2.5599432712085743
0.47210333519838293 -0.8812519553344381 0.022659040442894195 24.150179183667433 0.8810396639105639 0.4725464317535625 0.021655956532469652 -30.08829660421753 -0.02979180274712579 0.009739664070453237 0.9995086730153324 -2.6435349545028832
0.3812465292132874 -0.9228150740272361 0.055348198804740664 24.593961528306455 0.9243872105228972 0.38134471346229293 -0.009192090951346875 -28.92571317684543 -0.012624142922115606 0.05466761987199487 0.9984248005498522 -2.438622761600993
0.43688877576982454 -0.8992847163304684 0.020376373101558622 25.051835459804217 0.8990748095418587 0.43727168820000606 0.02139994266315976 -27.939958109878557 -0.02815465243283963 0.008970489013785388 0.9995633275952248 -2.6481520847386313
0.363098748358171 -0.9307243672016765 0.04372014681778 25.494365010742406 0.9311053910152566 0.3641936197033649 0.020143440363726003 -26.95724941880972 -0.03467058930932345 0.03339400641431718 0.9988407233250676 -2.4989967283935104
0.411099882517579 -0.9112859427350309 0.02355455725668686 25.977148497095214 0.9111408561903154 0.4115712956028827 0.020770383158318792 -25.994708277737907 -0.02862213784488323 0.012922817389811459 0.9995067653677476 -2.588968894958125
0.41075777788253676 -0.9111125051384638 0.03394187515907314 26.442365074279135 0.91145893892681 0.4112761551416157 0.009722492599342014 -24.78486107580954 -0.02281776850209697 0.026943036062089927 0.9993765167584945 -2.709502761454419
0.3906294449667831 -0.9202120384393881 0.024868474745525906 26.88704412136765 0.9202351174963597 0.3910584471485298 0.015511912849186762 -23.838608271265453 -0.023999276059982064 0.01682543387275328 0.9995703774740378 -2.4908499633073222
0.3878440013296447 -0.9217234792413829 0.001690694463942763 27.358125958835405 0.9214066110531945 0.3877575749547706 0.025571862909509347 -22.898667406005245 -0.02422576603696452 -0.008360076575929258 0.9996715567522999 -2.6581260414924235
0.38461766881568554 -0.9229611214762623 0.014560806230009512 27.81509629750036 0.9230121273201599 0.3847287384250263 0.005693035201046743 -21.56342191107013 -0.010856410765084801 0.011250158806345419 0.9998777786670391 -2.6519305373576985
0.4330104113747835 -0.9008852971901715 0.03012747828175348 28.804480539366523 0.9003108663243545 0.43388507252446257 0.03441057713453923 -19.79448833775945 -0.04407184610759248 0.012223957911343168 0.998953576115352 -2.741545253060496
0.4052271326346349 -0.9140143018897209 0.019204867033080737 29.104298188290105 0.9133861113265285 0.4056648266146151 0.03408606876036807 -18.768163930604207 -0.03894589339730431 0.003728858911337734 0.9992343633996507 -2.5498525189660644
0.49363191128240397 -0.8691442682908298 0.030261808618758185 29.686543049587303 0.8677080864237874 0.49455607075567204 0.049969687146106355 -17.855188771978423 -0.05839702833577751 0.0015917838761892625 0.998292168308277 -2.7274790305446475
0.37930843497426825 -0.924068649047429 0.04714067251356596 30.17173900996086 0.9249131151945373 0.3800850884022326 0.008429407772965832 -16.659461217202097 -0.02570681813269386 0.04040368079676423 0.9988526928829724 -2.603646750577089
-0.10205587039255766 -0.9942075000994495 0.03370528244089445 30.390280629291944 0.9902603198285724 -0.10475966145727697 -0.09170557400926874 -14.819896200310115 0.09470532345876999 0.02401791159446736 0.995215575456499 -2.7536254651861247
-0.5015072755177686 -0.8651531695133499 0.0006677452729804312 30.31715335194418 0.8634273582723163 -0.5004578382728707 0.0635228234427085 -13.841670875430014 -0.054622793682063485 0.03243370765499735 0.9979801626375734 -2.595319974510608
-0.677876557124804 -0.735018472879125 0.015205848449239199 29.494826972984594 0.7351426933989389 -0.6778971953447072 0.004540141620498714 -13.107737086141022 0.006970914056022095 0.014256123954952496 0.9998740767151654 -2.432176653169582
-0.7457364949095153 -0.664847190269233 0.04307312098252897 28.33789355228524 0.6655138833180788 -0.7463838607285904 0.0015503402125273274 -11.808898275213043 0.03111834299830951 0.029821905287719785 0.9990707195659628 -2.5667675709939424
-0.8388950435979285 -0.534950355718495 0.10041525154817772 27.5763807124303 0.5340876330032897 -0.8445940126846047 -0.03756799183161403 -11.136387390003616 0.1049071308337609 0.022114941871327762 0.9942361003535606 -2.4646773318784465
-0.9030699824032898 -0.4271022893800991 -0.04525749980279515 26.1207033455906 0.4257086232178151 -0.9040868324347686 0.03740544794624317 -10.406137326894038 -0.05689266209375472 0.014513229287272594 0.9982748074430912 -2.490735213578425
-0.9102508898143573 -0.4139913061784392 -0.007383495164237819 25.272906682301944 0.4139248894770513 -0.9102661271276816 0.009042326878739876 -9.86277496634679 -0.010464390263238824 0.005174573667553772 0.9999318578402117 -2.400740011146843
-0.8914896745078011 -0.4527640239526373 0.015839787252042888 24.005718768939712 0.45207034596889717 -0.891323211076322 -0.03428316922566722 -9.297414307405969 0.02964055568871902 -0.023402393270981158 0.9992866282742177 -2.4422384878969177
-0.9000245655272876 -0.4342121634185083 0.03762417556353431 22.917149655223835 0.433116760588199 -0.9006974759238133 -0.03396952401868656 -8.749911266627247 0.048637980478240604 -0.01427774505620748 0.9987144200676729 -2.257397915620541
-0.8976587843863494 -0.4405646890664486 -0.010557535782747787 21.000469642668318 0.4406904689846703 -0.8973570125906707 -0.023287389300191124 -7.851752491147696 0.0007857226558825045 -0.02555673496616285 0.9996730645254868 -2.2731165215026157
-0.8942624278476589 -0.44728178969217136 0.015287601178025504 18.93168921075878 0.4465583300278053 -0.8940388819469267 -0.0357789805593544 -6.845154743298515 0.02967099632280184 -0.025168992368732306 0.9992427902168497 -2.3576238272341503
-0.5874701716043563 -0.8052796753076918 0.08002150968012701 17.262250735325473 0.8015385094397037 -0.5926382213746283 -0.0794729919601286 -5.879822974889247 0.11142179032992615 0.01745230936739549 0.9936199482384697 -2.180170294885254
-0.15652699970009942 -0.9873444434526316 0.025499967609764394 16.716794766668855 0.9803067116430738 -0.1521601781559811 0.12588102037671792 -4.741069634403378 -0.12040784639062638 0.04470156783328775 0.9917175607806981 -2.2082772105070876
0.03535695306462967 -0.9980587148931589 0.05127072747487246 17.030193936189452 0.9961794832986425 0.03929668491927863 0.07798850946905579 -3.4308084156361236 -0.07985188116028093 0.04831741073538613 0.9956350259482599 -2.1990582478464082
0.18670091319779353 -0.9801138675908928 0.06722778865269986 17.0410144760475 0.9823614808188181 0.18552657682224002 -0.02336258324930633 -2.132899254719498 0.01042545032932741 0.07040380564034568 0.9974640916528207 -2.01051614445141
0.18630921414577456 -0.9822777823018897 -0.020475231878177992 17.378453664054234 0.9681950358186792 0.18710058573526964 -0.16610762605487428 -0.8467848006002779 0.16699475842208605 0.011123363412215533 0.9858950357142231 -2.063886899582101
0.28678577720635856 -0.9560275371648571 0.061361764761469775 17.782590246017445 0.9514898715092035 0.29170516223974063 0.09785255611421931 0.6419810170956889 -0.11144928177222439 0.030322376311623617 0.9933074101642814 -1.9947245385842451
0.23480401044832336 -0.971430775801109 0.03448658440377764 18.262908955552277 0.9709980804541651 0.23604839925862212 0.03799843367521389 1.7587993051177224 -0.045053350948749134 0.02456422263979386 0.9986825294028081 -2.1153940633029475
0.07570104887517759 -0.9964585656793425 0.0366016131265605 18.483513708200753 0.9968256917958027 0.07471927166650078 -0.027487644814491154 3.035235221560266 0.024655453251115397 0.03856627186929151 0.9989518263155068 -2.136222928321969
-0.1286354129729389 -0.9905135334540603 0.04833084495053393 18.49396004026829 0.9910512457006466 -0.13015114342249143 -0.029632891539884885 4.061865319659746 0.035642094838519475 0.04408650485317606 0.998391717296048 -1.9951114117997988
-0.27755769779919665 -0.9603337720777946 0.02684717115907122 17.959048206995273 0.958561307490705 -0.27496153991159944 0.07454107157232931 5.905536214657667 -0.0642023689136074 0.04642410770576681 0.9968564881915571 -1.9849901812301458
-0.4505913401271293 -0.892632444969475 0.013219772700539926 17.691399305725664 0.8926929899967829 -0.45038764799859476 0.015817463162495413 6.913355766364777 -0.008165158482280681 0.018928410342923113 0.9997875001563329 -2.008225626431992
-0.6812584528718282 -0.7311660008882349 0.035821774604108375 17.09299705752958 0.7312693189891655 -0.6819723342645426 -0.012606284261892663 7.871702746267982 0.03364674569409042 0.01760722700701025 0.9992786808800239 -1.9056845348645177
-0.9452894807927252 -0.3167198205117948 -0.07820711475048657 15.831675263111508 0.31540629374983625 -0.9485153233263461 0.02894047819419091 8.7555713361355 -0.08334666979316804 0.002690113397760757 0.9965169822558448 -1.7551918750698001
-0.9884204287286484 0.1514298102229867 0.009698899303761777 14.027083449062903 -0.15164302333637988 -0.9880541764020436 -0.027447002894322007 9.014348112533826 0.005426743524107734 -0.028599948781579846 0.9995762068919081 -1.5833813235521432
-0.9148667411410744 0.4037322274718133 -0.004374294749863436 12.986951289173275 -0.40355021394628066 -0.9146927529819815 -0.02200891787788002 8.76813527065573 -0.012886845146188038 -0.018369979392806178 0.9997482048392416 -1.5569618046282019
-0.7828272988881761 0.6171634426209166 -0.07931396603210256 11.362214495463553 -0.6138998918844085 -0.7868344253165891 -0.06339171776363585 7.891878552402279 -0.10153000965110805 -0.0009339320167572012 0.9948320385428051 -1.3807010473726167
-0.7670617865902986 0.6383562753275338 -0.06416760321889659 10.491559515437933 -0.6364142149968102 -0.7697365850620407 -0.04982505962888805 7.319351055389458 -0.08119829125599878 0.0026182755748779575 0.9966945279924638 -1.2823195217880228
-0.7593492122962326 0.6483097864149756 -0.055526521804095945 9.658456073208415 -0.6470570326798373 -0.761359609436494 -0.04060469896790997 6.558792747112477 -0.06860007466946334 0.005095680256782424 0.9976312263547412 -1.11170023743016
-0.7629786220421779 0.644383120702547 -0.05132266614533832 8.720539937784299 -0.6432350639739008 -0.7646945623009178 -0.03861190052172801 5.851913940397893 -0.06412702067857298 0.0035524837868101135 0.9979354212963055 -1.039202611926471
-0.7576155697274801 0.6508397374454321 -0.04925733111392335 7.856970692088381 -0.6498010452160186 -0.7592046244824018 -0.03697214898684063 5.1569208670995845 -0.061459337310740325 0.003996789523664429 0.9981015857771333 -0.992690054414872
-0.6613496565975187 0.7496557850120821 -0.025156226192794572 7.004111578981872 -0.7486668282060476 -0.661790403601081 -0.039133643395618416 4.246366881424509 -0.04598491124533473 -0.0070473895477087805 0.9989172749724186 -0.9063280265404372
-0.6161636694256029 0.787046117030531 -0.030012366570145017 5.911067432322967 -0.7842186361713116 -0.6165951805525577 -0.06936507767578379 2.8110296134616997 -0.07309899562637481 -0.019203983610790364 0.997139781501015 -0.6204598487400717
-0.7137747286570905 0.6998075365341503 -0.028196605123688802 5.102215236981536 -0.6986807846361709 -0.7142693260528407 -0.040798174471487154 1.9049242274260278 -0.048690840110657156 -0.009420279721195109 0.9987694731114347 -0.6660484200228928
-0.8063471001912023 0.5910403172291602 -0.02181048882748458 4.09197596570687 -0.5896797901228098 -0.8062419869566742 -0.04745106520273761 1.043085679795123 -0.04563002447905507 -0.025400824352944218 0.9986354184527164 -0.41700941598647784
-0.9371650464175645 0.3473296029093682 -0.03292146284696581 2.4877688039153396 -0.3467831109191246 -0.9377046115522824 -0.021249363633697012 0.1507287026954263 -0.03825114056361581 -0.008497553554038162 0.9992320260225743 -0.2590247425781045
-0.9963419199993785 0.0756144826081784 -0.03981492775138734 1.6468923858460887 -0.07583155326293187 -0.9971127466081388 0.003968133226743688 -0.08357733795140715 -0.039399923625329715 0.006972845292386191 0.9991991920767583 -0.11902716711295128
