1 0 0 0 0 1 0 0 0 0 1 0
0.9965838826584367 -0.07623421618782904 -0.03176332960605009 1.0903569624156337 0.07635096799596035 0.9970779268769382 0.0024773818573558697 0.05893301224691644 0.031481653570215797 -0.0048940797924279765 0.9994923478803982 -0.22813799885040978
0.9728128760650456 -0.22552225141714263 -0.052676581872754286 2.2219146455080963 0.22512430785383405 0.9742372497495535 -0.013447200963693768 0.20718790837252757 0.05435213128651034 0.0012228312103058953 0.998521081654486 -0.41242445127165067
0.8066827667740124 -0.5905663876565083 0.022231859125297775 3.90363110293382 0.5908923574663482 0.8066508032378524 -0.012676889349863097 0.9982715814208004 -0.010446802270822298 0.023362863824242536 0.9996724668191298 -0.7342868290004163
0.7677918634245652 -0.6379274953374384 0.059532891341978665 5.579981785972642 0.6387840201261521 0.7693642248510908 0.005802167763166067 2.20555637418758 -0.04950383914914981 0.033573802462379246 0.9982094818712715 -0.940376191475432
0.8192624489763211 -0.5731566723487003 0.01733403125314715 6.502604788559596 0.573066636729977 0.8194443992290751 0.010271632737421542 2.998095756593084 -0.02009152966582174 0.0015183919997679846 0.9997969918545577 -1.072614031293095
0.7845415771493498 -0.6200437084375936 -0.006349279562871233 7.5945350991822735 0.6193779979464097 0.7841028704578341 -0.03941553246732247 3.7483911332004602 0.029417841251667527 0.026990519942041394 0.9992027334076657 -1.1752456840894692
0.6764206163705414 -0.734691742312396 -0.051799551415751606 8.425180866240106 0.729127839255293 0.6779139544459767 -0.09383637029598754 4.529810893044019 0.10405644512380999 0.02570436043542593 0.9942391775034829 -1.3261026917710976
0.7814255804111513 -0.6216675613524487 0.05388418544613658 9.7464732370996 0.6213807476470844 0.7831421901590605 0.023964065732263094 5.736121528293648 -0.05709666130909025 0.014756461465029975 0.9982595945506292 -1.5779767101425288
0.8245300897270905 -0.5652450401558639 0.02545929523440395 10.587469072011569 0.5650971060287002 0.8249161745679378 0.013362847532895697 6.450953981198482 -0.02855506772228854 0.0033689041831840446 0.9995865438229848 -1.6208303885478892
0.8875416014836184 -0.46072507367948295 0.001520565332114626 11.622486575550766 0.46067663154713084 0.8873895343755673 -0.017800433340326008 6.942655957658928 0.006851772200195485 0.016499114029221253 0.999840403491461 -1.7982103547976935
0.9286132026617261 -0.3699931677406571 0.02797455392971217 12.587674831859552 0.3699187637178502 0.9290298300154298 0.007980174870163413 7.424774627408851 -0.028941805261414103 0.002937816661254398 0.9995767810135825 -1.903589263885953
0.9978926776895916 0.06011498378526801 -0.024421149399520274 14.578489929003092 -0.05953861614060629 0.9979450837518988 0.023680435035642208 7.763109021926039 0.02579451495101769 -0.022176531286761104 0.9994212547562362 -2.0889632807099905
0.8785331792182051 0.45385864025417794 0.14896908296482833 15.767861492963016 -0.4529004267684185 0.8905577539197694 -0.04228581755576894 7.362761587222516 -0.1518573555865429 -0.030318667516959934 0.9879373066922105 -2.2248950885488408
0.774528546165899 0.6306988462373811 0.048213032770970034 16.803730137738917 -0.6320935188064306 0.7745915316375319 0.02158107037027644 6.828614077261204 -0.023734250715855075 -0.04719030059512638 0.9986039058969772 -2.3856386255423887
0.5583096706550915 0.829499367827605 -0.014869782332167437 17.308675904768652 -0.8228679799399082 0.5559525339760772 0.11749496821222773 5.89989363414942 0.10572889502220882 -0.053362709256382375 0.9929621453097801 -2.525879030130991
-0.2618993427156571 0.9626583743238118 0.0685389570196551 17.65376138492847 -0.9631747697503502 -0.25624027132430593 -0.08145726651444962 4.473002017420638 -0.060853078816660265 -0.08734859870588396 0.9943174166747014 -2.4940811832867036
-0.5503595825654166 0.8335709568056944 0.04757930063022025 16.80997204846966 -0.8345189367066524 -0.5474131497470726 -0.06258584314354046 2.8861904312085644 -0.026124206330900297 -0.07415054587816104 0.9969048211286532 -2.37662530623823
-0.6292631063793278 0.7741571069512208 0.06862008967318171 16.16233395067502 -0.7765591342484675 -0.6298582620867457 -0.015312762531176641 1.9236069171837262 0.03136644648522001 -0.06292331394627526 0.9975253393257281 -2.3640263083382385
-0.5954572533102249 0.798973911420726 0.08409130959444189 15.397570018165544 -0.8015770247787141 -0.5978743424013454 0.0045325539228739465 1.0604535095671128 0.053897428761928864 -0.06470671964506354 0.9964477445433995 -2.3746129114362025
-0.5404788130280138 0.8401135607396119 0.045736831211179926 14.173036860391456 -0.8412580664389981 -0.5387795298878253 -0.04473794614386861 -0.5263176590198473 -0.012942886816584055 -0.06265639021891338 0.9979512304945508 -2.2542381192848104
-0.6098785547939232 0.7905441671752022 0.05557038912713785 13.544341446055748 -0.7924937612152037 -0.608494751988988 -0.04108254175242083 -1.5220097690892809 0.001336726394741287 -0.06909454788278527 0.9976092203941476 -2.1683547755812818
-0.614307812329231 0.7868248627488048 0.05943523426048429 12.76492181776831 -0.7884156289465067 -0.6151161151195068 -0.005741163050252492 -2.3987626949802423 0.03204228057049349 -0.05038650891468875 0.9982156540423678 -2.1617962963947126
-0.49856768175598887 0.8646076760975359 0.0623204071045588 11.715484716361505 -0.8668457428850337 -0.49702970736157315 -0.03924191690224555 -4.227927041444443 -0.0029537688726302106 -0.07358693113106288 0.9972844322539877 -1.9914101690654216
-0.5537094957787835 0.8304710229956165 0.06102191613691022 11.13165317689382 -0.8327031294458598 -0.5525119823932235 -0.036551436674667453 -5.188200152432949 0.0033604308470667316 -0.07105201810310821 0.9974669509452417 -1.9925437869542522
-0.4879054967130312 0.8688754462978148 0.08368802242844098 10.445373051419928 -0.8723405840152438 -0.4887696787086561 -0.011229721945852663 -6.13558075135184 0.031146938166608854 -0.07848350142424741 0.996428727128557 -2.0240408017102314
-0.5052361312122051 0.86070596394513 0.06262344087487012 9.883834183731253 -0.8629646182638594 -0.504343529258556 -0.030490525081346267 -7.006190536053488 0.005340350403813236 -0.06944672867967976 0.9975713671378381 -1.9914495937914993
-0.49537261592214554 0.8624183249633676 0.10411822204508861 9.355110636644861 -0.8653854285956685 -0.500365798659793 0.02724201728650925 -8.028696059583455 0.07559121224548276 -0.0766074428428936 0.9941917663772568 -2.0401668874269143
-0.5281651483229363 0.8482205250815238 0.039541331887471054 8.447642707347352 -0.8477110998704315 -0.524001459170457 -0.08251279866599692 -9.717173332976936 -0.04926933380383982 -0.07710001049063675 0.9958052626537324 -1.79747302811115
-0.631436336741675 0.772616861189364 0.06596467576020391 7.809549501787095 -0.7749832622012433 -0.6316666590507471 -0.019954326638256796 -10.695638647414091 0.02625063713841655 -0.06372140652529783 0.9976224167490754 -1.8219602269937718
-0.5870032452575107 0.8052907489427307 0.08327064143146098 7.016788703424349 -0.8083631498317214 -0.5886568673340691 -0.005666615795896369 -11.691878181392736 0.04445456164769424 -0.07063923985786226 0.9965108578139101 -1.7857991288685344
-0.5794344282511138 0.8119274337668407 0.07091957172809665 6.30801786467346 -0.8147478088514251 -0.5792886019819511 -0.024712822291234296 -12.505823385273615 0.021017881175470057 -0.07210102572494098 0.9971758574896935 -1.7063268711045592
-0.5811274986179991 0.8127205057582889 0.04214510493495735 5.056274384936353 -0.8136255576632035 -0.57910433957452 -0.05149384238140201 -14.20054027445239 -0.017443688463993457 -0.06421482232281245 0.9977836310176775 -1.6727889064796722
-0.5173351364097505 0.8543971516068031 0.048681248567454975 4.420708661320917 -0.8557396219899044 -0.5158992946225223 -0.039466658897855465 -15.234850489813134 -0.008605579148471388 -0.06207596261166964 0.9980343275024935 -1.640218886447743
-0.5396137752983284 0.8394569150734859 0.06425777185361024 3.8385550959746224 -0.8417335199171744 -0.5394997921038567 -0.02060717757819349 -16.166340873128593 0.017368216837917966 -0.06520783737558604 0.9977205435334431 -1.6177052136707744
-0.5019671994931086 0.862984121808856 0.05733529575090289 3.1995043132788017 -0.8646659975171336 -0.5022325918951737 -0.010730161972499715 -17.029703860973672 0.019535694785347835 -0.05496207004883741 0.9982973141730876 -1.5876310835956715
-0.4804211037752587 0.8763147405826313 0.03560952800808024 2.6176984623189483 -0.8769555096189627 -0.4794231415431326 -0.03320369711129365 -18.00664360193294 -0.012024857433965534 -0.047179728597243856 0.9988140347498043 -1.5365679436364634
-0.5152598271948914 0.8556933164116897 0.04791929389561145 2.1825577510489027 -0.857011600446837 -0.5140359010149054 -0.03603066981538683 -18.99016751144969 -0.006198965933234305 -0.05963254745655274 0.9982011481185548 -1.5389042459340116
-0.5613673262993795 0.8264324476515703 0.04331436750225027 1.701007083492017 -0.827360497620403 -0.5592897123313806 -0.051668410635521855 -20.04681978844234 -0.01847517092763154 -0.06484155418337616 0.997724531576867 -1.503926376703972
-0.4184036428349573 0.9078023193001479 0.028867641672106332 1.0113052102624704 -0.9080960134418763 -0.4175100728548647 -0.032356907078640765 -20.827012461670193 -0.017321144113700185 -0.03975283811248381 0.9990594025525181 -1.5007666173077114
-0.3991380016727922 0.9136865681886109 0.07658792811121552 0.6662030573801818 -0.9168872712590426 -0.3975077391185456 -0.036129339102862396 -22.050128914066313 -0.0025665977085539567 -0.0846430886285512 0.9964080289337407 -1.4997771842190075
-0.37807524380531066 0.9241643704469851 0.05458320637231905 0.23535903059674174 -0.9256518033663558 -0.3764060353432201 -0.038564692165387965 -23.009431273751712 -0.015094666149582214 -0.06510539880476102 0.9977642196933626 -1.488810129309292
-0.522805854728733 0.8469780546461769 0.09644798188213571 -0.35521691554958507 -0.8524517500806628 -0.5194185387889275 -0.05941713007870941 -23.889327379284758 -0.00022813542836418687 -0.11328087442350267 0.9935629780965436 -1.4384110526770741
-0.5285467672454446 0.8467781080906035 0.06004290543343541 -0.9888668948436202 -0.848900625277461 -0.5270159904346199 -0.040272499671019334 -24.82150932626374 -0.002458299803931032 -0.07225635947592926 0.9973830634602532 -1.3947570007897863
-0.552407187900288 0.8309429413589559 0.06618252761736343 -2.336009630139146 -0.8335719690706642 -0.5508538897406218 -0.041445923047788914 -26.478039904707266 0.0020177055662241312 -0.07806292566484027 0.9969463919895062 -1.3179776132362715
-0.536832077164466 0.8390135933957072 0.0886989911132474 -2.9018321306871853 -0.8436789576135706 -0.5333348039392988 -0.06131723564471004 -27.435600941128257 -0.004139735180362171 -0.10775053134093254 0.9941693445225432 -1.2591572171226606
-0.5216301894779403 0.8501127626614342 0.07218196579030516 -3.494100570501192 -0.8531306511685046 -0.5189050563343487 -0.05390393814416774 -28.390769514768348 -0.008368838749327189 -0.08969856894505525 0.9959337976327528 -1.1996446781994639
-0.5517875323282031 0.831711529668339 0.061534141611824966 -4.064547927207515 -0.8339782771728343 -0.5499891674904773 -0.04463349467566214 -29.511338186694914 -0.003279080813809823 -0.0759463432950065 0.997106514154397 -1.1920034209251311
-0.5917637372314449 0.8030378900515044 0.07032656993982199 -4.798448140537853 -0.8060832905607371 -0.5902161272701115 -0.043297249208758756 -30.496034968073996 0.006738544104436589 -0.08231081491455772 0.9965839261053001 -1.1577608761706237
-0.5160644952715736 0.8551155583790286 0.049546125360293986 -5.421117245135039 -0.8565416548668809 -0.5154467049797047 -0.025516422231023267 -31.418463464204255 0.0037188974175583834 -0.055606439768137485 0.9984458391211366 -1.1859217316084203
-0.4509094314740402 0.8918577799432823 0.03564246010584833 -6.463301641446665 -0.8922497388119036 -0.44931912379082256 -0.0447518556703255 -33.045105750793816 -0.023897451701969594 -0.05198100951777157 0.9983621018706915 -1.135328143017753
-0.5378479057209652 0.8409099570020687 0.05991723062985322 -6.926849614189458 -0.843035149032978 -0.536199229311786 -0.04221521029666369 -34.10704657291185 -0.0033716177891769178 -0.07321769390131247 0.9973102834590932 -1.1586968222124645
-0.5618097627024009 0.8264485616892027 0.03677724043644013 -7.546126464076436 -0.8271883854477821 -0.5605906027529405 -0.038698205195936995 -35.04776532071273 -0.011365100640282002 -0.05216273561598187 0.9985739249051587 -1.0374287409348326
-0.4280527488884838 0.9024952766250548 0.04767724654883452 -8.143673293540893 -0.9037231021015409 -0.4270077178287776 -0.03080525349071593 -36.001453016019276 -0.00744304352943083 -0.05627330258768021 0.998387658436789 -0.9766911415463034
-0.5362104233951632 0.8407992909989646 0.0743971377004345 -8.625233986209402 -0.8436006649021602 -0.536800890451815 -0.013517477086011037 -36.94572269868099 0.028570964614646727 -0.0700096869424286 0.9971370736840605 -1.0037727944100163
-0.5702463807792894 0.8204998103405189 0.03998907900032647 -9.297651351104186 -0.8214736098278604 -0.5695949350205254 -0.02725285958110354 -37.90406174356022 0.0004166107371893137 -0.04839081762210001 0.99882839126917 -0.9746501469397736
-0.548629373088037 0.8347573032804219 0.0467552735530957 -9.928221065865694 -0.8358400911345562 -0.546324020536645 -0.053864706783315494 -38.68810850674106 -0.019420428347613136 -0.06863169242174189 0.9974530253390999 -0.9370137906962653
-0.5332579084965527 0.8445151920170199 0.049295978318094145 -10.579441786059977 -0.8459498846926033 -0.5325008084953777 -0.028490025277993963 -39.6691040207308 0.0021898891417408976 -0.056894458466757766 0.9983777967189179 -0.9253821618660768
-0.6560193795777969 0.7482357757663758 0.0989029700345311 -11.209052964689988 -0.7516578860711027 -0.659541391513121 0.003946541277739587 -40.66575425696096 0.06818354585589874 -0.07175218982180831 0.9950892559616408 -0.9326358426704132
-0.5543154790347876 0.8299402246143449 0.06271820524795578 -11.835647195682778 -0.8317498107878086 -0.5551256135639127 -0.005273084461216821 -41.51271934898047 0.030440137267746165 -0.05508880768704842 0.9980173451953328 -0.8272968148450043
-0.6547307257496774 0.7536229241619519 0.05813918589805678 -12.928888230145857 -0.7556618416638832 -0.6543889433162206 -0.02739145703732492 -42.939238083214306 0.01740281047556942 -0.06186759283395327 0.9979326345723357 -0.8310116178038015
-0.672604581437256 0.73873829334276 0.04322974645588058 -13.64116506115066 -0.7399958031547991 -0.6712096088729904 -0.04340359742984062 -43.76253214007938 -0.0030476782799264347 -0.061183289430966833 0.9981218947360629 -0.7620516728645581
-0.6129375751242581 0.7887808342230759 0.04617709998628292 -14.27085109184295 -0.7901057575492961 -0.6113998734188937 -0.04385301210650959 -44.62601096886942 -0.006357742386102295 -0.06336395146855038 0.9979702344088441 -0.7108120796575275
-0.5986514537872145 0.7983819709273053 0.06482796755017682 -14.97033539952414 -0.8008721196283723 -0.5980847875687453 -0.02997390332953346 -45.5078717594552 0.014841997184143441 -0.06986283258701216 0.9974461888956744 -0.6987590401920805
-0.601968202983067 0.7967254062537533 0.053506164384392006 -15.596380401075104 -0.7985011909752509 -0.6010617183845833 -0.033476240883321684 -46.349697581959546 0.005489135491437685 -0.06287636855261598 0.998006228271744 -0.6656012211083316
-0.6474699386878651 0.7602681902475359 0.05267786435751804 -16.339401544162527 -0.7620774547443163 -0.6463218037737642 -0.0388082328514525 -47.244985202027 0.004542187353821948 -0.06527177693585792 0.997857186008939 -0.6119182229580147
-0.5961615584725373 0.8010354686243729 0.054162479682217504 -17.102880811787468 -0.8028453519861088 -0.5952550948472333 -0.03332735892195192 -48.02245238158545 0.005544095408341259 -0.06335258529959491 0.9979758077939372 -0.5867827599987491
-0.5559413643607989 0.8285875767045976 0.0661197937342179 -17.752758587336466 -0.8311823843803825 -0.5549254293233529 -0.03454868718251049 -49.008782858893014 0.008064941933850807 -0.07416465209986552 0.9972133979698177 -0.5624938406136163
-0.5728775696719826 0.8174397257315633 0.06002986725480778 -18.40956113372947 -0.8196171410160896 -0.5718807075765537 -0.0343540165679757 -49.90941672220943 0.006247585080302363 -0.06888215369489376 0.9976052408558295 -0.5556857777083416
-0.4927579122937411 0.8683967182691948 0.05546872606438928 -19.048348685497874 -0.8701431519944102 -0.4912761896108625 -0.03871176253626142 -50.84636593020788 -0.006366703161423822 -0.06734125942336146 0.9977096871686321 -0.5562349159210797
-0.55892738397977 0.8269683554379152 0.061020640293602935 -19.603919507305836 -0.829213353457507 -0.5572036744477861 -0.043923565766464986 -51.80504439623705 -0.0023224739581105157 -0.07514921347689654 0.9971695953189295 -0.5037030339537171
-0.5127619852823001 0.8568176679832954 0.05420913466401176 -20.273271989513265 -0.858459596206076 -0.5125095954387033 -0.01952015022884438 -52.72114757427779 0.01105749207797288 -0.05654554283869936 0.9983387869125498 -0.39404024763836143
-0.5903326642737101 0.8016458756486793 0.09418723664577135 -20.88948834371419 -0.8044202273852 -0.5939160112376655 0.013109895845695479 -53.74720824162294 0.06644880183303993 -0.06802691857643473 0.9954681788404632 -0.3369771447337608
-0.6312148958876679 0.774572120530665 0.04007225107415672 -22.080569841927307 -0.7751423786593233 -0.6282034916804237 -0.06719126317379966 -55.25851065644647 -0.026870951153384195 -0.07347382620466626 0.9969350775486634 -0.33945727450114965
-0.5500028183722401 0.8339344298130954 0.04527986920145212 -22.81347360266592 -0.8348113345947199 -0.5473900041868133 -0.058772603724394135 -56.069462757745264 -0.02422674998377248 -0.07012524572983027 0.9972439593682951 -0.28226369776609406
-0.5914901784196247 0.8043091413699578 0.0567994184991427 -23.50515466330682 -0.8062828250480167 -0.590600613712785 -0.03314997910513715 -56.99285213913826 0.0068829401936380845 -0.06540428266407775 0.9978351090954298 -0.2680254892183689
-0.6646060182061222 0.7440129890303577 0.06887316399234307 -24.288993980511105 -0.7467031899538096 -0.6646822837524908 -0.025135786806431276 -57.97369868780831 0.02707742005820757 -0.06813320643919477 0.9973087182529321 -0.23642599442965234
-0.6502939650217731 0.7573195587641759 0.059873574884880126 -25.03720157415779 -0.7588320849197264 -0.6512738250205216 -0.0040338244284507125 -58.76124691624312 0.03593919799664207 -0.04805716134326983 0.9981978177149983 -0.19228668373043348
-0.5332242632694097 0.8447686134376128 0.045142826799926185 -26.225195029653623 -0.8457609100384758 -0.5311330453159111 -0.05085441204395189 -60.4157065533595 -0.018983364077140727 -0.06529684467215 0.9976852980595514 -0.11144212332195998
-0.5439484610998734 0.8352172414945604 0.08082221957664817 -26.801272993386096 -0.8378608177707497 -0.5458796234656546 0.002164885568711582 -61.46838404013934 0.04592735254300988 -0.06654018481497952 0.9967261821047837 -0.05185710752599481
-0.43719140346167373 0.8982436858312789 0.044966182887263347 -27.40454982163181 -0.8988126565400286 -0.4346172556581619 -0.05695304669307974 -62.32088389243735 -0.03161463557702753 -0.06531555671053182 0.9973637214521716 -0.07128596544465812
-0.39574830746903966 0.9164904433476087 0.0585537734727197 -27.888986760318392 -0.9180458893351342 -0.39314358618597395 -0.05128221636877747 -63.28262716540949 -0.023979620727882733 -0.07404990137289559 0.9969661929556143 -0.038513128683968806
-0.4399737903546758 0.8957074804151582 0.06427420422898812 -28.34566847189865 -0.8978732470440999 -0.44003011430113853 -0.014040325872735172 -64.26057815963645 0.015706560521820907 -0.06388746384429937 0.9978335011013196 0.004711340331917072
-0.2682577919994653 0.9606546999966692 0.07197433157648163 -28.78146752461019 -0.9633383049136536 -0.26718517568021477 -0.024318556347414245 -65.29676857584575 -0.004131261025549119 -0.075859272808553 0.9971099755850891 -0.012714745438437687
0.12716496387983817 0.9901424529775886 0.05871111285747374 -28.940926494979337 -0.9904699729101658 0.12991814638270485 -0.045722073485540346 -67.34072208109065 -0.0528990049507033 -0.05233734853816773 0.9972274049700096 0.0100884969035825
0.25125184280198287 0.967519739692631 0.027893812821321924 -28.723389861900927 -0.9667784279479605 0.25225112230484253 -0.04133814885087301 -68.34320660795936 -0.0470317206051115 -0.016580850432067855 0.9987557722766223 -0.021858528718338387
0.39570732469590864 0.916594472764926 0.05718641166215793 -28.378944386530844 -0.9181541748325881 0.3962143407647141 0.00266597259411578 -69.36715242915572 -0.02021446065311219 -0.0535608874942355 0.9983599585877498 0.011282830501716294
0.5706359187081853 0.8194409904475358 0.05376905666297537 -27.682537877056113 -0.8207916358015053 0.5711986897072346 0.005757384391091771 -70.34093911684936 -0.02599497794486218 -0.047418562305274276 0.998536800058239 -0.0033256973881394206
0.7420894804101676 0.6628445298752969 0.09970121503253163 -26.615395108759035 -0.6634277605355194 0.7475557408178237 -0.0320003268911429 -71.7285618892659 -0.09574345729809675 -0.04239744785609899 0.9945027133195248 -0.06392824612551168
0.7465703814564224 0.6575556772287939 0.10125807067189714 -25.749684506264284 -0.6601902035788209 0.7510373179033968 -0.009583434406682845 -72.45064361511068 -0.08235023151495821 -0.05969487801021856 0.9948140333292338 -0.0843089452537735
0.784361815933418 0.614655904253377 0.08351443630950883 -24.66092842547495 -0.6180851820625016 0.7858171632321059 0.021496364450984132 -73.33796270155487 -0.05241421009988683 -0.06847996302795054 0.9962746836306218 -0.16417872334034997
0.8761153704269601 0.4764110336899788 0.07385380613127836 -23.781465222452386 -0.4776772279630156 0.8785352120724917 -0.0005890961812110051 -73.92172482614218 -0.06516382115253704 -0.03476216516828819 0.997268904702043 -0.2429482055164717
0.8895956412190168 0.44454847113957197 0.10486301507965279 -22.76345584949306 -0.4478237411073401 0.8940787474995142 0.00878010081525052 -74.54248802522395 -0.08985261278756775 -0.05477088713147591 0.9944479161313973 -0.4051216982574563
0.8491095595701036 0.5212032019442631 0.08579148051940529 -20.850609213707283 -0.5232483577502158 0.8521787429964381 0.0015956493075591992 -75.53227410957493 -0.07227801850055009 -0.04624513237150849 0.9963118366122 -0.4655621750938157
0.796726946804471 0.5982733094967864 0.08541205640533524 -19.88506410067723 -0.6004482971674876 0.7996635313770284 -0.00028109479663830026 -76.19667689736461 -0.06846907816153136 -0.051061568027068654 0.9963456737530033 -0.4983679399550997
0.8330714424015676 0.5471731803958981 0.08120026176318589 -18.973163149798317 -0.5487924994940502 0.8359538835845678 -0.002810163509894794 -76.9174297028125 -0.06941732027416035 -0.042221027644017625 0.9966938449045613 -0.5834298668529653
0.9095071338950294 0.405732267243951 0.0904328519462522 -17.868598178353515 -0.4083718249678287 0.9127359986120657 0.012060240879893913 -77.51269736525903 -0.077648090552792 -0.04789910390309253 0.9958295285232239 -0.6397945373660865
0.9906487010221426 -0.07934544194758393 0.1109930268317987 -16.008631090207253 0.07650726820407057 0.9966293511180405 0.02960699920599065 -77.9146725899093 -0.11296808874674394 -0.02083836203197622 0.9933800750934819 -0.7926765917189192
0.9572861596046184 -0.275397575818101 0.08808736494500566 -14.021480767152221 0.27685527073702965 0.9609009028476578 -0.004540261191013608 -77.63895992968231 -0.08339285157954084 0.028733780469508377 0.9961024054610867 -0.8955135418182142
0.9074847954821992 -0.41035248944308855 0.08990094758394619 -13.079298590835606 0.41065250164888906 0.9116516875622303 0.015991355616310286 -77.21652713622164 -0.08852044316507078 0.022406136945002736 0.9958223215860654 -0.9045421411431834
0.7990966035719513 -0.5981194867979879 0.06080869734078705 -12.014538894615454 0.6001129003932764 0.7996447232093785 -0.020804408786749 -76.72060914857713 -0.0361818316471307 0.053116816131130104 0.9979326023849259 -0.9634232471646356
0.6804073890338659 -0.7279127874650292 0.08478654842018644 -11.277272954709352 0.7303063761832593 0.683108167951226 0.003978414809381739 -75.90690822140628 -0.060814322771810696 0.059213214092887545 0.9963911949744416 -0.9990206696283612
0.6334695280437128 -0.7683234733322749 0.09162640103542852 -10.56685102887904 0.7706152964528871 0.6371279738026246 0.014832729721489456 -75.19674525509532 -0.06977407765714293 0.06121262390055599 0.9956829780418587 -1.067520533067256
0.6193001165874962 -0.781690503542443 0.07367036219725424 -9.851786541106083 0.7831453490065275 0.6216982441795085 0.013215729777840935 -74.34460751123353 -0.05613134529082278 0.04951009852220017 0.9971950773144466 -1.0581559296966991
0.6452336782713226 -0.760882628668775 0.06878317973570677 -9.124101722789534 0.7629495640835187 0.6464285537313672 -0.006171514039700663 -73.44706120682004 -0.039767613572203916 0.05646016569997477 0.9976125433252648 -1.1252387746062882
0.6035783520132397 -0.7939969651366472 0.0725395914985436 -8.34822620621694 0.795710016058486 0.6056232262228485 0.00812885008057237 -72.67111840678027 -0.05038594372626077 0.052814081580787556 0.9973324067037989 -1.1224448009177337
0.5091783231832565 -0.8575704419072282 0.07287230178420678 -7.780070966573013 0.8588390733232732 0.5117822804478808 0.021779429579036506 -71.70848765221 -0.055972147837189234 0.05149596670234032 0.9971034470303889 -1.1216497033552022
0.571698876845228 -0.8170915003072643 0.07430931529443965 -7.203267815076361 0.8189169685215545 0.5738344090272005 0.009437673647207684 -70.79741975986468 -0.05035268494700795 0.05545765178969437 0.9971905815723493 -1.1846420157524176
0.5661367093028694 -0.820933478934466 0.07454830342987567 -6.602951649421935 0.8225751197933701 0.5684958945257683 0.013512594283460664 -69.78257479389424 -0.05347334547829694 0.05367160396243925 0.9971258497559162 -1.1932747109848405
0.47100310264512674 -0.8792858163548185 0.07079922637928338 -5.955164269030056 0.8806350855469756 0.4733601833117393 0.020297363344743562 -68.99229898002413 -0.05136071847566004 0.052788161668290236 0.9972840551143626 -1.2195049222472452
0.4951407322588994 -0.8658412375800817 0.07179558874968096 -5.420009641954346 0.8674088635234848 0.4973457727364455 0.015781185699562512 -68.04044178042574 -0.049371233922368495 0.054462222200165264 0.9972945139796983 -1.219660405346613
0.46628404246833294 -0.8820400580242145 0.06770914103745235 -4.813941400742747 0.8835937772828494 0.46808154920488254 0.01271613309865564 -67.03715572239848 -0.04290953840832444 0.053898045740053156 0.9976240635524927 -1.2787985964529551
0.5544928862538072 -0.8302683490260565 0.05649874068923587 -4.3468634053405175 0.8313068635500005 0.5557516626394646 0.008305906821806708 -66.0527731887503 -0.038295400619184496 0.04236222467031467 0.9983681205909964 -1.3268094714072032
0.6454554058679496 -0.7591489782221855 0.0841436147313115 -3.58001399763679 0.7601091630889434 0.6492424396132872 0.02680139535942381 -65.21311039927456 -0.07497585760807275 0.046659227053151384 0.9960931368635848 -1.3910649885139381
0.6244440351088237 -0.7781521003749047 0.0674459464989167 -2.875746980317656 0.7788509271789389 0.6268483419054569 0.021269449520081633 -64.49784360158084 -0.05882924654895964 0.03924875708227928 0.9974961928839515 -1.3943195634841132
0.5708246575639451 -0.8172023617708208 0.07962104139733459 -2.1869104793601104 0.8183124597318938 0.5741686934150128 0.02636341688087496 -63.70932123618687 -0.06726015584684993 0.05010600181902667 0.9964765225619566 -1.4115177636089276
0.631990664624606 -0.7713119394988333 0.0752707899114722 -1.578750786732359 0.7707148370931751 0.6357153717871687 0.043181083334508506 -62.735179640951706 -0.08115688332968586 0.03072227302870818 0.9962277361267158 -1.415636348853343
0.5746928331188872 -0.8154518310156605 0.06903954558797422 -0.9368476716013153 0.8153573501181643 0.5777677517264107 0.03710548036737216 -61.762607100201116 -0.07014655494086613 0.03496764730741043 0.9969236302103146 -1.4688051888564244
0.4941485696586141 -0.8672351955764607 0.0609943166024765 -0.278125179611524 0.8687058960467012 0.49530725463564673 0.004559570045107624 -60.80619624307947 -0.034165147124563595 0.050733017441862274 0.9981276990762253 -1.4652854688011445
0.5255341590664366 -0.8488168282459924 0.057652751371875095 0.3643593627345553 0.8498815637096881 0.5268774826180395 0.01007203933933167 -59.87133257774551 -0.03892525299479766 0.04370480976381547 0.9982858880515139 -1.5212103494386882
0.5440059106690286 -0.8360585587612971 0.07115936677025679 0.9643342128962932 0.8375219110664952 0.5462067535343877 0.014670749024851285 -58.836577084409896 -0.0511333319928106 0.051616554664246035 0.9973570642673091 -1.57206275635078
0.5180826754945104 -0.8528371264157718 0.06526237169562475 2.233127054336335 0.853769037479615 0.5202377262171844 0.02076388358436165 -56.98500632839366 -0.05166015866779118 0.04496158390516776 0.9976520856386548 -1.6383917229753755
0.5376117467248361 -0.8404001371249932 0.06856543811398617 2.756353730423168 0.841245311344839 0.5401170702708233 0.024080625871988576 -56.09243998354411 -0.05727072484083647 0.04473432599642842 0.9973559565941591 -1.6546063126894857
0.585288491858038 -0.8090722264044019 0.05328708811304238 3.4094901488771296 0.8086464526312513 0.5872684041943796 0.03473810705666198 -55.166092021519106 -0.05939946081771971 0.022758600484463907 0.9979748244111936 -1.6834459969591642
0.5999735473304049 -0.7969145318531855 0.0704199646761391 4.0846898227915815 0.7974854964779352 0.6027522857852371 0.026581288306126025 -54.26155973636054 -0.06362880959998944 0.04021083065407073 0.9971632081494975 -1.7202703284815684
0.47947284957556763 -0.876913466390413 0.03359403195561689 4.656121849633528 0.8771140568854874 0.48009546565392075 0.013389364153187417 -53.03341365968875 -0.027869656147259714 0.02304596107119807 0.9993458690286052 -1.7395876066564049
0.4032831814878503 -0.9140945196598629 0.04235427554382946 5.5306584332142235 0.9136610321964851 0.4048006449893244 0.03687758210457752 -51.40298259047767 -0.05085463375829867 0.02382534247459616 0.9984218343372093 -1.8529405119684406
0.5280075484459871 -0.8483614616517117 0.03861164550017182 6.051403857399412 0.848730089536125 0.5287198457313474 0.010609422501798879 -50.338727559595725 -0.02941536843319097 0.027169010176895374 0.9991979688660032 -1.840786847158461
0.5999005173345164 -0.7969181107997068 0.0709992533848492 7.279943047892858 0.7972203802201829 0.6028911867271673 0.031014227836509027 -48.70086695862808 -0.067520623985317 0.037996600454966445 0.9969940941101403 -1.912924935941768
0.5699870101495293 -0.8187767345686044 0.06869837836495436 7.94790203658726 0.8193362497529099 0.5726644280694686 0.027268345470634992 -47.83217231923814 -0.06166780441720168 0.04074446898711661 0.9972647442606799 -1.999322608487368
0.5712289071613431 -0.8177673293026879 0.07038558622620805 8.574365304219949 0.8185851989880543 0.5738777332496505 0.024137507699234673 -46.873536161333014 -0.0601315858841703 0.043828556962239085 0.9972277823915972 -1.9731905099713583
0.48843130705007276 -0.8703718741412192 0.06235109459552015 9.288177086675947 0.8714063826326555 0.4902548703758653 0.017351610294521272 -46.07499115713908 -0.04567028137013059 0.04585807209909227 0.9979034335159527 -2.1017093949856704
0.4652548457419055 -0.8832516466023154 0.05834772735911912 9.80091680075513 0.8840045230139394 0.4670194391517991 0.02070861524189997 -45.0744846150112 -0.045540441418299785 0.04194487130314675 0.9980815076769978 -2.012291892702047
0.5106245188044488 -0.8561074557569104 0.0796405989000314 10.78552577285161 0.8557669306250101 0.515007436324198 0.049298082918362934 -43.47933764462606 -0.08321995700776176 0.042980981005646596 0.9956038740520338 -2.1238681485539477
0.5088167431455609 -0.8574308534678479 0.0769275855343317 11.380744702630146 0.8564976741551447 0.5132041860929676 0.055074472702721367 -42.51980091455076 -0.08670211105602993 0.03786548425746821 0.9955144142805642 -2.2199107754139167
0.5137169516744473 -0.8546537943751965 0.07524483585199056 11.925097468480525 0.856056119360087 0.516441056606939 0.021367160711173474 -41.47895420336715 -0.05712104750844666 0.05343712951485977 0.9969361359288519 -2.2465465276960614
0.5931607712469972 -0.8037413516365668 0.04647729685654665 12.749880329728049 0.8047392488879259 0.5936072785162418 -0.005013999584842436 -40.51970389888109 -0.023559302896379676 0.04037621282345579 0.9989067627587028 -2.2792060941609353
0.6615229874977171 -0.7475179360895469 0.06003559141474551 13.352320479879797 0.7488181541303339 0.6627743206744003 0.0012537541328477872 -39.64322568458711 -0.040727252017943964 0.04412635356576352 0.9981954497311917 -2.326807388500953
0.5581386546609585 -0.8258507409940758 0.08032307123604934 13.981093068133816 0.8275657377491448 0.5610722464928989 0.01824510671726218 -38.76346741100437 -0.06013478092558644 0.056289322388419875 0.9966018865665889 -2.415412031930861
0.5526821140990849 -0.829876701596441 0.0764665999138036 14.616038224038997 0.8299913162959998 0.5563855454994688 0.03936419226267115 -37.962916671150154 -0.07521233694148487 0.04171072891560161 0.9962947954622313 -2.3424610030138915
0.6161390994432548 -0.7831117207447988 0.08431276872085196 15.32133512570664 0.7853032377401441 0.6190183640437048 0.010727990096096667 -37.13516854101665 -0.060592366945864486 0.05960115610267603 0.996381587173871 -2.408546914955416
0.6244589896769708 -0.7784558675469907 0.06369797872208319 16.051950735628065 0.7786709374876071 0.626847691114303 0.027084003707700734 -36.28213510381353 -0.061012632493509945 0.03268691521587211 0.9976016360501231 -2.4462788068475314
0.5059878845618969 -0.8589994831882384 0.0780778365409548 16.648214350860112 0.8610874707982712 0.508313841060512 0.012058466757624607 -35.28415533062243 -0.05004626170666964 0.06113040870670115 0.996874337527323 -2.4739907140167334
0.5282888050422159 -0.8473441743514126 0.05402581475358885 17.25465164564903 0.8473353313237678 0.5302035356335805 0.030117222516205425 -34.31272931554225 -0.054164331044589564 0.029867390149991912 0.9980852489883415 -2.4827419768592085
0.5269411118467228 -0.8482235716554588 0.053383865856610146 17.858764430975423 0.848261667000549 0.5287860621722227 0.028938637663926365 -33.363117440088836 -0.05277507880798593 0.030034529136502862 0.9981546564117 -2.550664429176078
0.4200602558703334 -0.9054345773213534 0.0611359765526988 18.39680950304361 0.9061493063757723 0.4221529708611775 0.026082633068553573 -32.34079232524682 -0.04942485197607479 0.04444204522728489 0.9977885991647525 -2.6024470652868485
0.5152826301942832 -0.8562288174275863 0.03682422065189335 18.917236704666635 0.8565904946256959 0.5159092146802922 0.009508245099346486 -31.384859035730727 -0.027139188214957116 0.02664384383908794 0.9992765233149988 -2.630725928944491
0.5225912735563036 -0.8499907622935127 0.06643842877803131 19.52344567396909 0.8508577337983121 0.5249030740569653 0.02275696994655804 -30.497875619778917 -0.05421694973346883 0.044637057040542 0.9975309797196062 -2.6642842855617506
0.48743619059814514 -0.8704408537793721 0.06883807207502125 20.653226207375766 0.8708386722579802 0.49037114964577466 0.03429493395589062 -28.72964988586869 -0.06360791613569947 0.04323026332233645 0.9970382025469011 -2.647030419169222
0.5464612616774038 -0.8354983449639023 0.05764204236943607 21.212095960756663 0.8359855955219488 0.5483056218408683 0.02211400319957923 -27.593692478128595 -0.05008166895932623 0.0361034710281342 0.998092363368225 -2.6547624018256886
0.5747262649596206 -0.8172754964735963 0.041838776624094354 21.83152835515404 0.8171899486010712 0.5758802641603498 0.02371727758373997 -26.71127555933675 -0.04347767554668244 0.020559285358261865 0.9988428342410104 -2.6803749408278623
0.5108876584293979 -0.8582407722524508 0.04915869514179177 22.493654225258492 0.8583150134200345 0.5124437572490964 0.02639570787448208 -25.80021573863788 -0.047844939150268294 0.028708404691757845 0.9984421311712371 -2.75135254525709
0.4946133120617735 -0.8685213466455205 0.03206777124049766 23.09477756245139 0.8672511980739557 0.49563150591433175 0.04716746531645608 -24.74876654788049 -0.05685974824574855 0.004481156786151824 0.9983721191335865 -2.840326621108935
0.516211226922311 -0.8554976503754139 0.040616984150828254 23.671041643253027 0.8551213463724506 0.5174754643349305 0.03141061587291469 -23.78529459264176 -0.047890000809457475 0.01851793761450194 0.9986809469540188 -2.9296477448656013
0.6119320841467281 -0.7898733265443649 0.04048768214630471 24.240928991766378 0.7885108816661962 0.6132602198334072 0.04650260491496877 -22.909974980400875 -0.06156065209075272 0.003468542001934639 0.9980973175650468 -2.9118428594410974
0.5151557855825419 -0.8554977989896223 0.05232621240588855 24.867432832428168 0.8562285331570721 0.5164210243120855 0.013491651349807055 -22.02285757414776 -0.038564434243516 0.03785289384404376 0.9985389040188215 -2.9641084547739074
0.4119637930643771 -0.9089911627339469 0.06341056123074634 25.765094575418846 0.9099295689393562 0.41406578591596344 0.0240354842604255 -20.26205923679812 -0.04810418665613894 0.047797395382831766 0.9976980486203073 -2.94788321440914
0.41926237276298745 -0.9050642005880603 0.07125907380148294 26.235153852361268 0.9065945547890656 0.4215350819354738 0.019861720078300435 -19.365691114089767 -0.0480143313185249 0.05627581640055415 0.9972600746427612 -2.980825599187515
0.21428835278469874 -0.9756089460613067 0.04762022916751975 26.701545110833813 0.976527164822138 0.21289219198164855 -0.03273546941293938 -18.280308219078112 0.021799041842638252 0.05351727719527117 0.9983289552128333 -3.0575689337678345
0.28705951272617186 -0.956437668946519 0.053139642203930346 26.746693969595487 0.9572569351931891 0.28847364060527647 0.021026618855150263 -16.64879727151873 -0.035440036370676435 0.04483240007055863 0.9983656943855587 -3.124458741175263
0.3504747749662496 -0.9350087683790627 0.05409283840421475 27.309693194029496 0.9365630432971798 0.35014131797105374 -0.015834247042972902 -15.481874678002779 -0.0041349779057871655 0.0562108575255798 0.9984103572449347 -3.0374486835813683
0.40351023712713013 -0.9121824016063792 0.07143356867206048 27.898137660935532 0.9122785940643084 0.4070825051832949 0.04507328239369899 -13.797451113608952 -0.07019441107137211 0.04697978473036418 0.9964264370644889 -3.1457206355199
0.31595384811419647 -0.9470579649468579 0.057047146226148565 28.489145260478647 0.9474244857804589 0.31813990300963707 0.03426143395498728 -12.820244132853468 -0.05059653748493491 0.04322283127856286 0.9977834320386361 -3.2032967093852256
0.24165081266393307 -0.9688409663370914 0.05433292451057327 28.857666283462517 0.9703632710411861 0.24126689784719904 -0.013616395170456572 -11.85367505075099 0.00008338530734085257 0.056013087311807895 0.9984300311472463 -3.142058094826165
0.41147249433294203 -0.9097009291708648 0.05598755105461299 29.066897413728647 0.9086468697184331 0.41423501584247274 0.05263285856649736 -10.778449348687356 -0.07107216444095016 0.029215939410745448 0.9970432168798034 -3.208897792600012
0.2577532920849135 -0.964528820498837 0.05698591796673788 29.99151492125457 0.9662073564922882 0.2574603332310318 -0.012550739928442061 -9.046178663305707 -0.0025660630496247266 0.05829520769058572 0.9982960903863828 -3.287688882689927
-0.015658154390128576 -0.9985936689293967 0.05065082995590148 30.167104193194938 0.9962570573524353 -0.019888311253445926 -0.08412092932767959 -7.855621838256317 0.0850099869224863 0.049144068305471064 0.9951674043465376 -3.2816858467949466
-0.4620333805274498 -0.886860032510668 0.002106659335087982 29.849919141316605 0.8809464471901142 -0.4586760353840836 0.11640297138585252 -6.883442970371016 -0.10226686883587216 0.055637912429531165 0.9931998339906176 -3.334764063408073
-0.6611888319676554 -0.7478853130423077 0.059134482468833335 28.582892208632835 0.7498495441366518 -0.6612817548738367 0.02078705917234896 -5.155430497502594 0.02355821808420494 0.05808613609621943 0.9980335721578252 -3.214484972182409
-0.7152941760156254 -0.6920274033469281 0.09722301566519594 27.656487613151505 0.6949589248588243 -0.7190317997911234 -0.005036233533510074 -4.359995244201165 0.0733916515497101 0.06396361392264292 0.9952498789634497 -3.1182161968207316
-0.7484528449464672 -0.6602303582677246 0.06256367087384075 26.971978120870162 0.6620876075404544 -0.7493108184573493 0.013164242634298232 -3.6051039642291913 0.03818820279740775 0.05127544601901575 0.9979541521546244 -3.0389150527781896
-0.761621524466823 -0.646286917913032 0.04739064468126922 26.11638357924276 0.647979612337817 -0.760369853133848 0.0442731119274762 -2.9257176454467206 0.007421284482187854 0.06442752656810269 0.9978947932307045 -3.045563833546127
-0.6852032636639128 -0.7260662954527624 0.05765606708599179 24.673134211329447 0.7282170455844593 -0.6844498000876935 0.03504861880527301 -1.3844643024736845 0.014015062774169156 0.06600155882566579 0.9977210894072644 -2.87200038053075
-0.6833864596739397 -0.7246486009491356 0.08869809398616971 23.810737089254587 0.7289115194223671 -0.6840625549995921 0.0273206460539728 -0.4692356938024096 0.04087717685573527 0.08332362204015616 0.9956838004218076 -2.9219511936111253
-0.7706185540456202 -0.6295394581745123 0.09913180499707473 23.074920999739575 0.6322614803907277 -0.7747388966568334 -0.005006238216201425 0.38422469082599653 0.0799528897211541 0.05881932172587834 0.9950617180943826 -2.8853697087341232
-0.716773739709562 -0.6921587087908524 0.08456788934193436 22.235941255283183 0.6961525565639985 -0.7172784217873286 0.029720087948862287 1.1208220424083783 0.040087704501233 0.08017473095221207 0.9959743914702637 -2.8410500066899114
-0.7548589921822657 -0.6551880269226712 0.030274598242611528 20.880788464549223 0.6555558057699303 -0.7522065986245697 0.06657190478717757 2.403566836126847 -0.02084436237719466 0.07009908960059873 0.9973222298706951 -2.7173941632624605
-0.8170758498866584 -0.5742918270794565 0.0507538459797305 20.050091696469973 0.5761130265877985 -0.8166629572974832 0.03399109845203219 3.1000058668907156 0.021927975917572527 0.05701325747462881 0.9981325825481755 -2.6620500079801817
-0.8056648742859032 -0.5923663994112427 -0.002481771633183776 19.20959773830414 0.5918061669322228 -0.8050717948276445 0.04030962607101071 3.7273516592929754 -0.02587607240037787 0.031007322063576957 0.9991841546259508 -2.568146325555688
-0.6812792258674655 -0.7315879188155285 0.02525338481453812 18.20599097381554 0.7320142946439304 -0.6810393704319418 0.018451242738972598 4.542644187351478 0.0036998430204036076 0.031056287041885837 0.9995107894349092 -2.502654606481126
-0.6262860350748258 -0.7794281586502507 0.0160482950288694 17.585819201704172 0.7793811173484311 -0.625502542364895 0.03621661795038216 5.359149908187545 -0.01819000250042627 0.03518970017110199 0.9992150963685955 -2.4638342686760795
-0.8275644306066551 -0.5609723185502519 -0.021146418491977247 16.071469535036723 0.5597823625666092 -0.8274688687677986 0.044033825401458816 6.853432208416745 -0.04219976011813998 0.02460343554252987 0.9988062130390841 -2.275313695506227
-0.9775531101400654 -0.19103730126628388 -0.08885193515270193 14.406726282738495 0.1883591754514957 -0.9813768752112152 0.03768620203607686 7.629422781054514 -0.09439670480857619 0.020104186767101104 0.9953316451292583 -2.125138544136698
-0.9852251208232066 0.1706833575080961 0.014094423317828276 12.226576946075996 -0.17039262109237896 -0.9851782072001339 0.019754866114428622 7.641825076188168 0.017257345571311398 0.0170614046225239 0.999705502883794 -1.9019157794906696
-0.9379323162923586 0.34676541028861074 0.006059726216759498 11.126431302251595 -0.3466215387571025 -0.9378455042528638 0.017300838775917635 7.239390247595603 0.011682419445859408 0.01412658416119703 0.9998319662302396 -1.7725558509450934
-0.7266329743356875 0.6833382795439006 -0.07108668172065657 9.816504346355783 -0.6774883165325001 -0.7298806112102074 -0.09101579171425728 6.580980675035239 -0.1140793652245248 -0.01797467911803894 0.9933090200640344 -1.5865742798872258
-0.7143872335610049 0.699139253210344 -0.029243548784920526 8.205541222451464 -0.6967823017510908 -0.7145806173043896 -0.062201007542707985 5.104978814234978 -0.06438403910523932 -0.02405921846941511 0.9976351284488413 -1.2666193311308989
-0.6311085024761002 0.7756589708425955 0.007430952414085561 7.372598853963859 -0.7749567060288911 -0.6300615046011575 -0.04964478019465947 4.2473987402115485 -0.03382546205485807 -0.03708990928988405 0.9987392936826123 -1.1467416551767757
-0.6368523754869875 0.7709691490165954 0.005061926630063582 6.792190439321061 -0.7700277761280645 -0.6357201486969561 -0.05401033726970089 3.428172386294267 -0.03842233501296352 -0.038294435696933596 0.9985275461231928 -1.05349917019055
-0.7659646868676284 0.64278802278276 -0.011029788701824153 5.877009976573119 -0.642064148269723 -0.7657423627243759 -0.037313046457861127 2.662560331388803 -0.03243035581753532 -0.021498644057741222 0.999242753451446 -0.9418610419921477
-0.8329923767125971 0.5529558985102881 -0.019065010920002803 4.309707472276546 -0.5520067063778283 -0.8329155977151285 -0.039245422621670426 1.4889782808665635 -0.03758053289406134 -0.02216712397970759 0.9990477076505739 -0.6838680924652014
-0.8944322971023344 0.44641423163124516 -0.02655559634663983 3.2474464699927155 -0.4457013311951988 -0.8947179113246986 -0.028812888185600544 0.7994593043375905 -0.03662225103769932 -0.013935313123619458 0.9992320139872816 -0.5430763220208304
-0.991489324778983 0.11653575897562368 -0.05803736494097767 1.2469894679278872 -0.11694708211650884 -0.9931311421215807 0.0037302188568228375 0.2481980738897163 -0.057204010643934856 0.010485772659207346 0.9983074424935379 -0.2794052049685691
-0.9871567559155898 -0.14802611722248524 -0.060081676659731804 -0.6310510013044054 0.14685263078058117 -0.988878645030143 0.02352297251989074 0.4384229409373203 -0.06289550129406526 0.014397708963036996 0.9979162599605155 0.05079792251383662
-0.9482129519160734 -0.31752078418959023 0.008529327419796905 -1.8008504069816498 0.3176308659594372 -0.9477154959776785 0.030756652510343093 0.7058311645478107 -0.0016825006581218961 0.031873033922290885 0.9994905096598588 0.22136745683353956
