1 0 0 0 0 1 0 0 0 0 1 0
0.9854747371280059 -0.1654185529668569 -0.03842193145638078 1.2345910011081171 0.16435915675811566 0.9859657177346576 -0.02928602126856135 0.1265819998443877 0.04272715848554431 0.02254563785597182 0.9988323603795677 -0.09848000004527915
0.9692155454010336 -0.24073257516495286 -0.05166288617012526 2.379661385360656 0.24072325511462542 0.9705720578643875 -0.006495763227449315 0.3413339942852589 0.05170629555475776 -0.0061406634282006505 0.9986434555198695 -0.24426695152668404
0.9167990064670253 -0.3943951183377975 -0.06270623870389658 3.4205311216327585 0.3928791393533765 0.9189074960276048 -0.035425917140248425 0.647925915357516 0.07159304157546018 0.007842472543288643 0.997403094050937 -0.36991524455699626
0.8370329508727223 -0.5458478952743482 -0.037761281464840056 4.3235541237810065 0.5452390934803892 0.8378836880067342 -0.02579256313197607 1.0954799134100726 0.04571837807694041 0.0010002983543816978 0.9989538674579603 -0.4256701612228664
0.7323644403058402 -0.680912760712668 0.00037265824333649125 5.185676577943022 0.6806360552075118 0.7320510029797427 -0.028911751726758087 1.7926790597812792 0.019413575844502946 0.021427583508313707 0.999581898464515 -0.6055973831081428
0.6746136830287253 -0.7380835504017801 0.011360074679407254 5.894058001355709 0.7381436412071111 0.6746412407065956 -0.0017779998237026956 2.4694712122345956 -0.0063516624537426685 0.009584829897734876 0.9999338915247874 -0.6406874677170692
0.6664111452450987 -0.7448549770141737 0.03297345463142831 6.694077438596902 0.7454712014128697 0.6664288119766081 -0.012055141289070488 3.4098756608922334 -0.012995128209014137 0.03261444135136455 0.9993835224067734 -0.7427400370306412
0.614044578105895 -0.7888257149299074 -0.026518815284133763 7.3888172330459305 0.7883772800758495 0.6146014914501607 -0.02694941497405439 4.200572816865608 0.03755689495897113 -0.004358689316595325 0.9992849851110954 -0.717614675085803
0.5407615327384829 -0.8411675588261347 -0.00375535468471333 8.141078609991727 0.837451216138881 0.5387813404203989 -0.09159764081190924 5.26236387184933 0.07907227894677069 0.04638755429293104 0.9957890185721494 -0.9308240314952462
0.5621566877585771 -0.8257157792598221 -0.04661877614921266 8.824901475395821 0.8212584068212162 0.5639937714286802 -0.08628820901566608 6.265332335649491 0.09754223512808897 0.010221431944609338 0.9951788958248755 -0.96323165979007
0.6306070608984692 -0.7760224173022956 -0.011132950610525029 9.461541532139789 0.7746281431090056 0.6302282329914808 -0.0525700888712388 7.134025922956319 0.047811867234907844 0.02452717237550795 0.9985551778278322 -1.2741150602672875
0.7238091504559561 -0.6889103691562837 -0.03876618352611382 10.032261694818214 0.6889537493962796 0.7246629750157025 -0.014363280760318273 7.742392554132609 0.037987430934924564 -0.01631183344521405 0.9991450741411979 -1.1611309126482872
0.8013676459034407 -0.5976453605107064 0.025098190357187956 10.885018833316126 0.5977622204036301 0.8016663251157881 0.0033809811400739576 8.359799623278999 -0.022141001723042775 0.012293341098960651 0.9996792734709091 -1.4261256123966604
0.9798073274759829 -0.18347350149999134 -0.0794674478746153 12.668693768346541 0.1837216736587389 0.98296915924044 -0.004240119122664133 9.11930389230186 0.07889199992650633 -0.010445392739155557 0.9968284436742969 -1.5151854511398732
0.9977674815077482 0.011845376859516279 0.06572472816787735 14.258932023355019 -0.011876573860469603 0.9999294674851639 0.00008395340016043398 9.259948326214204 -0.06571909797784921 -0.0008643505611871708 0.9978377889512329 -1.6622823786861936
0.9901588577398154 0.1399417294002241 -0.001322426503991885 15.474903431415372 -0.13994671593266206 0.9900655994875242 -0.013602404606249495 9.128278126551995 -0.0005942550351472118 0.01365361065373478 0.9999066085275512 -1.6565195404366218
0.8927644905727066 0.4389919292592713 -0.10128005932896472 16.798332403464645 -0.43375825684304076 0.8982971174153817 0.07011464514424103 8.926673961103422 0.1217593486880674 -0.018664803466392963 0.992384142415939 -1.9571597960761984
0.5118632262350843 0.8574669415427836 0.05240688685159008 17.644792940797817 -0.8580419380220898 0.5132794701315897 -0.017556142421685253 8.230034276852532 -0.04195319086204231 -0.0359809630596363 0.9984714818530342 -1.8121543316651871
-0.12617809714868145 0.9901174427220399 0.0612089651726466 17.830132741671505 -0.9909708789309574 -0.12298588931493226 -0.05339651805334841 6.876138088323944 -0.04534098488943792 -0.06739377305792865 0.9966956779490278 -2.0300278229257116
-0.3284740370934609 0.9437963463716816 0.03678673036556326 17.06478612694859 -0.9424862551044293 -0.3249703775688664 -0.07819151259553102 5.4202949919325265 -0.06184226624851632 -0.06035486954847437 0.9962594159289208 -2.0565417387247633
-0.3730364089591991 0.9277016861914655 0.014608868140167548 16.931217957222728 -0.9245780712519696 -0.3703737694539122 -0.08932335114900435 4.359424959502855 -0.0774546819166747 -0.04682790127703658 0.9958955366458747 -1.9991293011966547
-0.5072362720477517 0.8604029923365101 0.049173723648697834 16.32908547702563 -0.8617618856381285 -0.5057993115342703 -0.039160042299202766 3.3527919542895632 -0.008821382007170545 -0.06223943468442995 0.9980222622715619 -1.9668466789724683
-0.5171393175613814 0.8544908633866888 0.04911507529079318 15.715521938974772 -0.8558900983545661 -0.5165731940498155 -0.02458200007694574 2.4904918802569194 0.004366436849441192 -0.05474942536541443 0.9984905781485356 -1.9787013547217631
-0.48019245986423265 0.8759185800415752 0.046710198324221026 15.162087294539619 -0.877156951644922 -0.4797080209457607 -0.021815059506899027 1.4913550268946658 0.0032990408492905923 -0.05144760225950592 0.9986702461529643 -1.911925931264163
-0.45596419916771813 0.889025522763104 0.04159650169342058 14.660611756892244 -0.8899114313311015 -0.4547692489821791 -0.03525017115440607 0.5847160270691298 -0.012421492002631927 -0.053090018421302274 0.9985124718702588 -1.9040707094467435
-0.41688292359534485 0.9085610619361089 0.026933710255509818 14.178666783724504 -0.9084205131792347 -0.41543152965811947 -0.0467847774504765 -0.37986131981207455 -0.03131771463203443 -0.04397090969544326 0.9985418167762338 -1.8842283272826903
-0.40651267452592244 0.9129299991464891 0.03614224824458387 13.684326413449618 -0.9132066215420965 -0.4047740409690239 -0.04702809935854343 -1.4776792722829035 -0.028303918835590233 -0.0521228588624845 0.9982394981979774 -1.8933263492662342
-0.4516676706608109 0.8912534393156859 0.0407875249040458 13.171317231573253 -0.8921862489155594 -0.4511896955777055 -0.020773922366294842 -2.5207497404748502 -0.00011191881221282729 -0.0457729779723635 0.9989518616838956 -1.8786666248600017
-0.4562692608459875 0.888309384904088 0.052199600557640925 12.672299676687992 -0.8898284859776826 -0.4557971741894842 -0.021312004681548376 -3.4915619791870016 0.0048607766582532685 -0.05617270415604172 0.9984092348120966 -1.8322583112653994
-0.4660527949014681 0.8833925432087864 0.04911625970738158 12.145226068711235 -0.8846979688831729 -0.46466231842798433 -0.03739563727387768 -4.484260675133342 -0.010212552008141182 -0.06088139647087111 0.9980927608921115 -1.8658966184260588
-0.4128934819821517 0.9100893949188229 0.03544383998590293 11.646276793161057 -0.9104649779642102 -0.41141596030852745 -0.04231349080426952 -5.470577965444339 -0.023926897778138785 -0.049741339544726676 0.9984754892850454 -1.8586009192585025
-0.38971293569802423 0.9198855991052008 0.04398081750596888 11.227858699850307 -0.9207213480198455 -0.38814541116353274 -0.04019128130839498 -6.497352623703887 -0.01990042839101598 -0.056157139809270236 0.9982235964944408 -1.855657015542466
-0.32752869314334276 0.944283011460704 0.03247382691520036 10.770499674767866 -0.9447116324236057 -0.3267210427283356 -0.027808124748637694 -7.557495263408581 -0.015648857189604792 -0.03978636079378889 0.9990856613741615 -1.867994002965383
-0.3113129525460576 0.9492670624390919 0.044455480486811916 10.40179325863672 -0.9500870085349037 -0.3098924528501732 -0.03607414419915003 -8.600143617347996 -0.020467579003240213 -0.053466922809906545 0.9983598381219998 -1.8232879297773463
-0.37163834529910744 0.9276696809510727 0.03624780472630569 9.965565821207495 -0.9280806775354282 -0.37024881756406036 -0.039775231964072934 -9.604540251392386 -0.023477569906658814 -0.04842288856057791 0.9985509639346045 -1.85639112023875
-0.4138364515047843 0.9083463143453693 0.06038513576296748 9.513842436896097 -0.9103441183344293 -0.41318428478893066 -0.023501766260653274 -10.687847159237148 0.0036024463686334454 -0.06469714073004706 0.9978984429096568 -1.8540479488324622
-0.45623978216130157 0.8890406400743277 0.038105137050509434 9.149647147790878 -0.8896806304854566 -0.45487877772268237 -0.03941666292977333 -11.736232073474294 -0.017709797074188675 -0.05188485206443719 0.9984960316465171 -1.861800333828436
-0.3940341143821302 0.918632301170971 0.029185817590340977 8.607713046520946 -0.9187019827709996 -0.3927371277056584 -0.04176380459373431 -12.654052509518742 -0.026903225749425132 -0.04326943224535941 0.9987011428237377 -1.81356569971234
-0.43003645251292477 0.9019530236192947 0.03936232582192034 8.148821257309445 -0.9025641213375903 -0.4284891468537213 -0.04213143603859009 -13.635308942810546 -0.02113424671481641 -0.053645076312575944 0.9983363909039954 -1.8304698896311828
-0.4368863962662155 0.8990734033038842 0.028236363595380242 7.691484459874876 -0.8992596548488118 -0.435795947312974 -0.037602732171791706 -14.689879405533109 -0.021502323565494922 -0.04181994472926495 0.9988937592677842 -1.850027299777199
-0.3575200128949343 0.9321528727318815 0.05718795535168862 7.184592991208997 -0.9333516483032114 -0.35874602901954256 0.012489486474150189 -15.753696158369781 0.03215806258599027 -0.04891123102529975 0.9982853051559485 -1.8790523686000749
-0.2752663624004157 0.960550292256099 0.0396429789189198 6.858090011336925 -0.9602809522971699 -0.27276082783054667 -0.05883896206116474 -16.725628784714427 -0.04570473045630383 -0.05426478460214982 0.9974800302592524 -1.8412471160476729
-0.2809875538507496 0.9593678169106261 0.02567852131863249 6.328845520558957 -0.9587021802666857 -0.2793648265351838 -0.05334250881679439 -18.67198358480964 -0.04400141057824408 -0.03960663544289064 0.9982460569899682 -1.8916701277617556
-0.32272786375457296 0.9438249904075202 0.07100079885927178 5.96537360233218 -0.9447793196830474 -0.3257467333068731 0.03579249696709553 -19.885614498194016 0.05691013139721625 -0.05552885035858291 0.9968338797022329 -1.9717177790922014
-0.29277786050242716 0.9556952638374795 0.030457955910268227 5.6610010682803775 -0.9540935528380693 -0.28988719569445953 -0.07530541949443356 -20.75899132557907 -0.0631396613267116 -0.0511074989704311 0.9966952426476889 -1.8878366699492588
-0.3376175125305685 0.9405075280818599 0.038210009866797796 5.4203128323624705 -0.9396396156072525 -0.3343521666561864 -0.07270503031956366 -21.774127262976698 -0.05560402875805139 -0.060450130468537866 0.9966212789782338 -1.8701889950096182
-0.3819250579585436 0.9221947123465157 0.06074670874615758 4.949151582343653 -0.9241932965536155 -0.3810972446371448 -0.02513246377372062 -22.833114010531805 -0.00002662187642973185 -0.06574041869431295 0.9978367585137221 -1.907068816807396
-0.4476654614636033 0.8929868529225066 0.046584494417523395 4.531182215412281 -0.8939210351688923 -0.4456137373482465 -0.04830714200926613 -23.874039432363617 -0.022378952056664046 -0.06326829849209796 0.9977456113212226 -1.9754488712051113
-0.403509249305847 0.9134723939235389 0.052425864458599314 3.8826246395362305 -0.9141724280326592 -0.4000925439482168 -0.06492093731545567 -24.708014996280312 -0.038328286545383894 -0.07412247848422027 0.9965123183552982 -1.910885199875004
-0.39528685326237567 0.9162387583606525 0.06522914467980953 3.578267112338377 -0.9183770966498596 -0.39280314978566744 -0.047845520871168584 -25.938973417295326 -0.018215707148064 -0.07881765789586065 0.9967226117716539 -1.9695327483098437
-0.3845560558505765 0.9214385918575786 0.055385569818962116 3.046971114347967 -0.9228115851867987 -0.3822386398429998 -0.04808742513382713 -26.90300197655234 -0.023139104426840834 -0.06960275602658497 0.9973063913360966 -1.856360219790854
-0.4047992664326481 0.9111454961404518 0.07714556862555391 2.5324423116281944 -0.9141629851751855 -0.4013058190657226 -0.05709357336498696 -27.92448397732588 -0.021061586625503517 -0.09363505992393878 0.9953837878536383 -1.9583721736949404
-0.40469349441380453 0.913203539192565 0.0477752193644127 2.248230550116518 -0.9142169593613749 -0.4028513200350947 -0.043796862467812364 -29.05468811385651 -0.020749139625216392 -0.06140122109661583 0.9978974713128889 -1.8740943449413592
-0.45659098602029013 0.8871068067008381 0.067573552445177 1.6132563573144616 -0.8893709566783266 -0.45312447420731017 -0.060807173026108184 -29.91523262556372 -0.02332322666565524 -0.08786196207341726 0.9958595798196209 -1.8953407465093723
-0.4716726777474214 0.8813490184072996 0.027364078991758252 1.1914656013536256 -0.8815092881869455 -0.4705441818635432 -0.03910943306305979 -31.072045071223826 -0.021593052278967476 -0.042568540811953104 0.9988601801185283 -1.9581385451005713
-0.3998657979482654 0.915562947126579 0.04303293483008239 0.6078729859337326 -0.9162509905238795 -0.3980384662821408 -0.04527142281584453 -31.962542736836056 -0.024320073914502763 -0.05753146277172352 0.9980474261257022 -1.8268719664920587
-0.4173743429162722 0.9078191936797273 0.04077952258057765 0.10587278209338852 -0.9085032805526543 -0.41583515877272137 -0.04126632953790095 -33.021783377724894 -0.020504806760248864 -0.0542718372192736 0.998315641760946 -2.0009542386168486
-0.3711906069476769 0.9282951208661824 0.022038645372505952 -0.24791556798769396 -0.9284456479379711 -0.3706746152425622 -0.0242694960767502 -34.131770411480225 -0.01436008840000725 -0.029470293361594634 0.9994625003822433 -1.8282825562021428
-0.3941611696601439 0.9175249858152628 0.05277189343627041 -0.782281460460154 -0.919023336187758 -0.39314378072366685 -0.02888036046562799 -35.056184255807764 -0.0057515106250831845 -0.05988211822408458 0.9981888859542197 -1.9646526941948392
-0.3916873598024888 0.9199492178844156 0.01656649283364449 -1.1813884056573292 -0.9200039612174776 -0.3913257575029736 -0.02137435049009239 -36.245801315473784 -0.013180421658854358 -0.02361330194139121 0.999634277351632 -1.9420312719135
-0.39509336057491606 0.917843170006013 0.03827730009982936 -1.6257353182025185 -0.918179111714815 -0.3932306625541422 -0.04813278339991958 -37.06058972662452 -0.02912653841795535 -0.054162360551801486 0.9981072504792479 -1.87236517118057
-0.4193926108177841 0.9073000839845532 0.030272026576798613 -2.156997081162552 -0.9075293930865994 -0.4182105613058349 -0.038604754838332346 -38.241125389877865 -0.022366016080473918 -0.043663302828372115 0.9987959137435465 -2.0001274190529017
-0.3758607978796753 0.926337372471114 0.025054599988154055 -2.4994415310364086 -0.9264168611750018 -0.37497874272598364 -0.03380446470953313 -39.18583496699478 -0.02191939661376098 -0.03591677695664136 0.9991143704226937 -1.7947969496735843
-0.39470027467964774 0.9173202828650531 0.05229906129358402 -3.0181286479459226 -0.9187557980856342 -0.39341925809759304 -0.033302715234187305 -40.24059541019083 -0.009973798265476647 -0.06119465664842809 0.9980760178192043 -1.9600979258630402
-0.3970332721354275 0.9173475631617602 0.028948733627151925 -3.4756856689696622 -0.9177502235521096 -0.39647025841478256 -0.02336367613557997 -41.333166113452975 -0.009955299467537227 -0.03584386354309087 0.9993078151694882 -1.8785891586376204
-0.40081512804475605 0.9137280163902022 0.06669591587265976 -3.834371650670149 -0.9160893461114181 -0.40061863016539534 -0.01688262732980571 -42.28163241890169 0.011293496873012995 -0.06786623039501499 0.9976305086054406 -1.9489797052932958
-0.3767285448739732 0.9260173769474715 0.02382060176535586 -4.414732626957531 -0.9259038012912026 -0.37565905847854464 -0.03977967492973157 -43.1807971790652 -0.027888245402687188 -0.03704172477542435 0.9989244998467207 -1.9087772015552271
-0.37289776392284524 0.9270287261010982 0.03956006376028116 -4.546057557807546 -0.9265080813183527 -0.3696996430971575 -0.07003534211824611 -44.19327412776502 -0.050299432532855536 -0.06276874124283521 0.9967597765809286 -1.8367281355423037
-0.39839172281749113 0.916615877774317 0.033156715798313446 -5.297100986090646 -0.9168705648799442 -0.39699054723280325 -0.04179560580409828 -45.26375356293448 -0.025147613152017884 -0.047051440146058866 0.9985758656871987 -1.896589262550007
-0.47289479174080706 0.8793618673136201 0.05561674441319124 -5.671758673400197 -0.8809041970425697 -0.4732301484546113 -0.007811672446565585 -46.376876831318796 0.019450233345762385 -0.05268712279419008 0.9984216321346735 -1.8724689953132903
-0.48906052164145297 0.8708096754695434 0.05010304661813289 -6.217580529839233 -0.8722356158218458 -0.4879168683202044 -0.03379585922106099 -47.26409303784829 -0.004983639601285887 -0.06022988226149099 0.998172091685142 -1.8172016984768138
-0.4468108245263025 0.8942622945225208 0.02559366486930999 -6.8024479485547396 -0.894192172514957 -0.44551679228417007 -0.04399029899654692 -48.30967402955008 -0.02793645824201275 -0.04254099655791372 0.9987040692381061 -1.8667976301500024
-0.5208814554101195 0.8527329807028001 0.03910208474690008 -7.187930478394459 -0.8529340126568652 -0.5180629752548371 -0.06414299434205445 -49.26535690719015 -0.034439504393857095 -0.06676239429367467 0.9971743595005246 -1.8178146883629867
-0.46934409389228304 0.882881619526327 0.015367739944491253 -7.932354837151565 -0.8827982552858328 -0.46877172844964665 -0.03033656326317101 -50.22391601802995 -0.019579632088507458 -0.027804900807242197 0.9994215954732908 -1.8580386282171988
-0.4144860966580639 0.9078448965621725 0.06339494824653075 -8.312607263169069 -0.9100303957006998 -0.41294883762917123 -0.03630339380201472 -51.40293699803078 -0.006778980601079527 -0.07273858183065339 0.9973280022817346 -1.8723560529056944
-0.4835555623058836 0.8747180545101254 0.032285341519980276 -8.934534888379705 -0.8753070007276227 -0.48307887535656424 -0.021736022208542146 -52.22578435764584 -0.003416524587070204 -0.0387701598946657 0.9992423139866966 -1.834711474477851
-0.48187955131945026 0.8746183145574017 0.05324379645495053 -9.456012814076658 -0.8762246780836148 -0.48065379932183405 -0.034673314158768384 -53.35460575177514 -0.004734082533270938 -0.06336188947827416 0.9979793882762865 -1.889429988804044
-0.37913507350642606 0.9207774141884205 0.09179079233650095 -9.944190756332988 -0.9144145573205836 -0.38800945583758595 0.11530255652335436 -54.34434729701712 0.14178368523027501 -0.04021959349752632 0.989080265146068 -1.833878856071651
-0.3172872000677498 0.9468797467788344 0.05241734267605028 -10.238484346459797 -0.9482879356675906 -0.3162707969693286 -0.0268844574370671 -54.907722012647305 -0.008878273507127627 -0.05823682790500003 0.9982633160319456 -1.8571986133865104
-0.3524203758989548 0.935782997304466 0.01049097741440639 -10.427558726302662 -0.9266339715454395 -0.34736227112329376 -0.14383648834003734 -55.55618665891856 -0.1309555704396176 -0.060412205355686456 0.9895458574593179 -1.7997757519113524
-0.3638101582472615 0.9313469185371321 0.015332517324018378 -10.86161693547307 -0.9293554707711005 -0.36182457053762196 -0.07335795187361775 -56.633168472798964 -0.06277402093166554 -0.040937726935605004 0.9971878081933295 -1.8304042405597591
-0.358785888181947 0.9317093061538032 0.056484115181967914 -11.412068431232601 -0.9333754790204248 -0.35870161436195547 -0.011973596682676377 -57.87740735808446 0.009105031844196643 -0.05701684558554061 0.9983316972402463 -1.8468331439894228
-0.3408642856990185 0.9388196795237274 0.04928638832237938 -11.77274861676775 -0.9399892474273968 -0.3411998466362931 -0.0016968724898394523 -58.9832659445328 0.015223450849748917 -0.04690707829673926 0.9987832460298325 -1.790432195219398
-0.4023548675151596 0.9140737118914272 0.05079182823926239 -12.063796656883673 -0.9154405098426138 -0.40225559547447887 -0.012613835600948635 -59.95518015832114 0.008901321584674597 -0.05157213529126652 0.998629601671984 -1.7650004808913133
-0.527314039821523 0.849018797107871 0.03327139258595397 -12.691144871107394 -0.8495405937461163 -0.5261444399069242 -0.03811571765722105 -60.850678721985176 -0.014855402539176922 -0.04836435167075727 0.9987192831335872 -1.7683758666212168
-0.49662407134038156 0.867314263074031 0.03362292125402919 -13.177506812869295 -0.8678469672100341 -0.4955425692088702 -0.03576595596679578 -61.72567909162837 -0.014358734959950577 -0.04694178490666195 0.9987944210697848 -1.6748295790705117
-0.47197499741442583 0.8812234784891733 0.026168354459048915 -13.682596925022068 -0.880884559443128 -0.4701723116696619 -0.054592950771070514 -62.60727344711116 -0.03580495427086881 -0.0488178071880328 0.9981657312044995 -1.8004371295392
-0.492646444328396 0.8698196015274056 0.026708457261605673 -14.256819309267092 -0.869601558028863 -0.4908932422023351 -0.05307499443103707 -63.62386056056635 -0.03305466932770182 -0.04937292333643939 0.9982332910080941 -1.8172543248681399
-0.4167812252184371 0.9081139066741505 0.040280799525708205 -14.871659353894701 -0.908978244503683 -0.4160073263160744 -0.026390442784339333 -64.69600955362708 -0.0072084203831833706 -0.04761341151779705 0.9988398278599108 -1.747524778551953
-0.3498952902314958 0.9354075481643446 0.05085277486024254 -15.296150331421583 -0.9367616394649946 -0.34978273072325905 -0.011387366448625237 -65.75373337895465 0.007135593925713286 -0.051621314637939196 0.9986412384707424 -1.7204823066291315
-0.32773542993650406 0.9437870625580207 0.04307514959274677 -15.628785719400502 -0.9445823845447423 -0.32642228023686504 -0.034822604335889136 -66.74401788600886 -0.01880443490518053 -0.05210062872046963 0.9984647804078162 -1.7525365034259535
-0.3565159915124847 0.9332426853263092 0.04420902714162476 -16.061588017003356 -0.9333731342042935 -0.3536725535157581 -0.06107632303353412 -67.74551361464306 -0.0413635122000466 -0.06303820408753823 0.9971535712636718 -1.7727933150934176
-0.21777663497290978 0.9752762601862942 0.03754402185317572 -16.41826650122068 -0.975817263199965 -0.21683344716412623 -0.027639193762705874 -68.82851993892899 -0.018815049848626756 -0.042655275265291934 0.9989126695518662 -1.7821041269230962
-0.0202428993463577 0.998374098672182 0.05328587173502779 -16.634744677383242 -0.9995145091415171 -0.01894587150312521 -0.02473459052782955 -69.85761877746968 -0.023684827245423465 -0.05376070175784236 0.998272916543797 -1.652050746973678
0.1312751506154909 0.9906602882943433 0.03686499732061524 -16.533075610655107 -0.9900531614947784 0.13291180283073734 -0.04614314773048903 -70.87322972692024 -0.050611977288728016 -0.030440858477578846 0.9982543673283244 -1.7535393614740817
0.18695432736201156 0.981367689175406 0.04433438984740378 -16.26050701718981 -0.9794919138795071 0.1896681576946867 -0.0679822079765264 -71.98650207264961 -0.07512436439184067 -0.03071560839747785 0.9967009989337298 -1.85070409162556
0.32430701852283317 0.9449035222934552 0.04452292998279221 -16.100729334358068 -0.9439971503745626 0.326302417207438 -0.048950103261265115 -73.04931912168922 -0.06078106466274037 -0.026154656985036315 0.9978083964852464 -1.7659475503910123
0.5209145865405636 0.853484758834493 0.014551974659850576 -15.702494091167596 -0.8526977867868538 0.5194956165466452 0.05505260028029707 -74.15607124439126 0.03942686822555086 -0.04108613909882683 0.9983774092175147 -1.8121527601175063
0.875024925215774 0.4731673120651105 0.10219625748630647 -14.615022979438164 -0.47248646847589465 0.880745304219747 -0.03231479849918452 -75.24114591914336 -0.10529918023568137 -0.020010094651046403 0.9942392462349038 -1.7537761583821079
0.9222260069860846 0.37952955067029276 0.07386820836129619 -12.483247327040342 -0.3804480271900566 0.9248006253163292 -0.0017612557225784795 -76.18460147728665 -0.06898181387652931 -0.026478738310804238 0.997266456756554 -2.0024092371019173
0.8672846954406895 0.49776556202582 -0.006833909237756104 -11.380215662906371 -0.4970267554835438 0.8666052172429546 0.04426964852800378 -76.66748905579246 0.027958207879831574 -0.03499775290516519 0.9989962441890045 -1.959444939308359
0.8980621581638426 0.43791538746339675 0.04140620118876471 -10.506947298029372 -0.43865995658553947 0.8985911457117108 0.010554398935399872 -77.16709042088362 -0.03258531206654278 -0.027641748701883007 0.9990866484776123 -2.0488512548959483
0.8900465089851772 0.446858404687956 0.09019300418011199 -9.579327543067485 -0.44696466704708926 0.894324696986658 -0.020147525188150328 -77.63912846202108 -0.0896649220976823 -0.02238085162493636 0.9957204925207471 -2.0846923130019026
0.8877626744334339 0.4517354692987509 0.088388345726312 -8.629416087080925 -0.4520571106055519 0.8918174563468992 -0.01749266434555681 -78.10441403957076 -0.08672832659377554 -0.024427245697863295 0.9959324811621818 -2.1268505448396557
0.9304712194415508 0.364131222643717 0.04039507998439016 -7.642851343845192 -0.3644424489141409 0.9312258410768115 0.000366524554189061 -78.55539236504671 -0.037483479299783 -0.015062722422485315 0.9991837184286011 -2.132625221198498
0.9559098430848127 0.28988487611311076 0.04693751691829478 -6.532651207675688 -0.2905261181247101 0.9568390594496711 0.007320450727638573 -78.91267023080496 -0.04278956158873056 -0.020634265491052177 0.9988710029361594 -2.1578406652976234
0.9578714611240953 0.2832632883317517 0.04737270783345412 -5.521557577464451 -0.28403668218091477 0.9587576703569576 0.01033889294641167 -79.23582381617662 -0.04249031818719274 -0.02335891725192509 0.9988237751701593 -2.265908359746569
0.9908873712954563 0.1290812488423341 0.03847399907059127 -4.396583673990576 -0.12939501512897314 0.9915763427616339 0.005769448434270428 -79.47043276378811 -0.03740517968080432 -0.010695217284670166 0.9992429458646583 -2.269103442004496
0.9666023349429421 -0.2557488336377703 0.016506367734073962 -2.3960028220050775 0.25617781851825167 0.9660342340227136 -0.03392320732741378 -79.36273772522568 -0.00726989560324504 0.037018816689206806 0.9992881245310827 -2.42905576160406
0.9323893046363388 -0.34365824058115735 0.11202320420532504 -0.6335670952034377 0.34185329928137553 0.9390806690760184 0.035550228384301386 -78.91434137167545 -0.1174159544959834 0.00514884923075982 0.9930694754051179 -2.2895035805922332
0.8963531281093041 -0.4382496439301157 0.06699492013423315 0.48876821751856814 0.4388907297996798 0.8985228908241053 0.0056162230188505965 -78.36491987250443 -0.06265777704778462 0.02436933031947864 0.9977375099269398 -2.408746895277622
0.7935678456661998 -0.6083865386373607 -0.010765404291429845 1.4886067662777394 0.6068468885422452 0.7926078485789338 -0.05924231796334299 -77.81359254735717 0.044574972701084806 0.040479846540288564 0.9981855808579746 -2.397740650494689
0.4836508906251542 -0.8709365629359737 0.0868983275947701 2.450886395183705 0.8701576626870658 0.4891608871070542 0.059558950558436324 -76.64528497719071 -0.09437933070581526 0.04680950614899286 0.9944352226613907 -2.4367496114312233
0.4384441364196835 -0.8948074680110072 0.0841803684413921 2.9023936791592244 0.894407646662364 0.44360849667641733 0.05697774362311096 -75.90282249291995 -0.0883272371983291 0.05031000763485921 0.9948201859133592 -2.4262570427018955
0.3983577216922588 -0.9165909871164407 0.03423576938031128 3.474411759703304 0.9171056414714392 0.39864105538067796 0.0015972934105189934 -74.80871493794918 -0.015111847981398977 0.03076152307491023 0.9994125078008074 -2.3840858152587723
0.31912439066123965 -0.9469507971180728 0.03799751468897816 3.873244915580641 0.9475757336045099 0.318139688027947 -0.02978872245255674 -73.66450830518475 0.016119937002588784 0.04551183075780558 0.9988337303536087 -2.364449444155814
0.3771963610479325 -0.9258369123981214 0.023428974653433472 4.2913568803096656 0.9261324343598571 0.377040530084645 -0.010915708871843802 -72.57491223221992 0.001272493175874377 0.025815698995057847 0.9996659094149974 -2.4309595690607946
0.45189299177995035 -0.8906472383185688 0.05040060372328995 4.751147681346969 0.8916347691760722 0.4527189725179803 0.0057419786307988455 -71.59969407950494 -0.027931386941898943 0.04234417076494209 0.9987125756821786 -2.370189307095931
0.3935010248956484 -0.9178227038033593 0.052520736753833105 5.265328678152635 0.9185118349876604 0.39491233737039655 0.019500122570156472 -70.62328795417342 -0.03863874213370945 0.04056760007371977 0.9984294253629464 -2.42974589895317
0.40066617923505277 -0.915692085643976 0.031218858181719624 5.686636888506559 0.9157949840871858 0.4012887022606799 0.016938847619911875 -69.55154436946748 -0.02803854379128508 0.02180325037523317 0.999369030106066 -2.3890459060652347
0.4255513437757269 -0.9034878233296773 0.051144959728942764 6.134650421471761 0.9047578047925471 0.4259044105606732 -0.004329865117639321 -68.58007404754056 -0.017870883516057694 0.04811638140974053 0.9986818539266586 -2.3922385737647676
0.3818618964129209 -0.9238826401277098 0.024947130868706823 6.748144994641453 0.92417032894486 0.38198063178241426 -0.0000064075765096264364 -67.44742788248992 -0.009523400961684667 0.023057844950480633 0.9996887718787095 -2.431177667824793
0.3900977636777454 -0.9201652589271049 0.03346088817165166 7.088599400788946 0.9207593506789246 0.3896330717366482 -0.01970501322986332 -66.43443455120682 0.005094399959462101 0.03849630726028015 0.9992457562663827 -2.2395322772825574
0.4182054929586285 -0.9070182690282738 0.04921407632156171 7.8163387095455334 0.906738700997185 0.42007746271778057 0.036876190564228736 -64.57138776574038 -0.05412110284508436 0.02920248218123958 0.9981072694161115 -2.423033540576524
0.46386070760065423 -0.8845343050675971 0.04931842559128773 8.423200427198957 0.8851286508334244 0.4650686700607328 0.016074937068090406 -63.53242939592065 -0.037155287887758105 0.03619661982180474 0.9986537384376296 -2.424061623719956
0.44068375254173353 -0.8974873113895316 0.017730091385164563 8.965306155934021 0.8975366388940649 0.44086668759381076 0.008034028429519963 -62.48450740807558 -0.015027045234549995 0.012372940832777384 0.9998105311741157 -2.355470656428762
0.36693603706680633 -0.9297943179986456 0.02899087648107556 9.387797103733314 0.9302456159979522 0.36679172442476815 -0.010340445352864354 -61.41428925214776 -0.0010191262424103838 0.030762917789744597 0.9995261898873703 -2.368884219021467
0.4099167705386947 -0.9118280358067897 0.023192118227081043 9.89120306369381 0.9120262292285944 0.41011103520913916 0.004134730796514344 -60.417063376173786 -0.01328150707557647 0.01945692463931443 0.9997224763169934 -2.3591240812272054
0.4107869584936841 -0.9107294813384832 0.04273039377826655 10.365324182792188 0.9112779135503852 0.4116094295821353 0.012257314319445453 -59.41030355180698 -0.02875133052164364 0.033904119218859025 0.9990114472283231 -2.381808662916843
0.4046965672428505 -0.9136833817649727 0.037461531580760446 10.766008586934602 0.9140194267377996 0.40542448474667614 0.0141235517415627 -58.40120381102171 -0.028092276656714713 0.028524814713079424 0.9991982580738554 -2.378518645221044
0.3943975945336058 -0.918647501822641 0.02317983652069778 11.266698036560328 0.9189061416087239 0.39447382664367625 -0.0013794951477895199 -57.35032958788575 -0.007876569042001192 0.02184416370831435 0.9997303597330687 -2.3591990139683072
0.38226959813259875 -0.9237131495549742 0.024979425188972823 11.68932667156393 0.9240237302093481 0.38232575576626227 -0.0026762824511250075 -56.317381361053165 -0.007078160321953459 0.0241046430586809 0.9996843831077238 -2.404652701211359
0.38165452711520065 -0.9240214713967787 0.022894154935372606 12.181002209437224 0.9238817963059254 0.38211221518893623 0.02080099656124588 -55.36346137174973 -0.027968703706275695 0.013212698480490996 0.9995214736121751 -2.3740706025686005
0.3690225605419324 -0.9292686917600655 0.0167942944362761 12.684793799126489 0.929226786618761 0.3692542812025257 0.01374244679007383 -53.9999965577722 -0.018971790670564925 0.010534435349965865 0.9997645206900522 -2.337884393540346
0.4223142549726545 -0.9059819763844186 0.029108907802848936 13.523942622603176 0.9060448695103698 0.42286742711651404 0.01630440179205711 -52.206697894136745 -0.027080703108096106 0.019488395276234236 0.9994432640068812 -2.4197448675199413
0.45990073642423346 -0.887839269329963 0.015255965131229211 14.00118592400926 0.887501050753795 0.4601483305697113 0.02460485287128784 -51.04574898477675 -0.028865161481580283 0.0022238951291139834 0.9995808405242155 -2.3750507459660453
0.4831887602874365 -0.8753674366101623 0.016139171429904516 15.097947329182794 0.8749858950400708 0.48345553786484063 0.025892593318238694 -49.00362344445712 -0.03046810484451338 0.0016105372927336277 0.9995344420062835 -2.4075903137454273
0.45011961562268965 -0.8923501704207061 0.03321904546821279 15.60973233428709 0.8927354527638619 0.45054020389489924 0.006077503833422027 -48.11820058934396 -0.02038977709992916 0.02692021590700291 0.9994296168141784 -2.421278464031058
0.44596380874533903 -0.8943148083609593 0.03629469431819515 16.184565253323107 0.8948599267987523 0.4463397090036324 0.0025642886507600705 -47.185763437637604 -0.018493044613645686 0.0313350875673478 0.9993378405664745 -2.4844245775815916
0.29819975807409627 -0.9544307897849943 0.011780144096855235 16.592230337195602 0.9540204042170349 0.2976335333212572 -0.035487296040548094 -46.10064986646281 0.030364002076733638 0.021820800927012024 0.9993006954990014 -2.448683763931207
0.43660959562518353 -0.8987923385722065 0.03929876756232806 17.226590203177718 0.8976613256632529 0.43813175116796066 0.04737840253731679 -44.1525318513194 -0.059801383065155755 0.014591118613746373 0.9981036488466988 -2.443406222715966
0.4193178737206994 -0.906236948369831 0.053917661185252555 17.818305069177264 0.9070954165976445 0.4206386991627771 0.015523851139210263 -43.1569459813714 -0.036748142346209434 0.04239903508315701 0.9984247071552866 -2.466167435546227
0.38305771220741824 -0.9236917668280044 0.007765887752101773 18.34563498966184 0.9237064141008885 0.3830891922106009 0.0030218140755455918 -42.04853176652542 -0.005766252448217307 0.006015871141309271 0.9999652792107907 -2.476464363762677
0.4445089219970808 -0.8950929896985312 0.03493362359587311 18.63587689324637 0.895749685067074 0.44444833999129896 -0.009908318788593622 -40.82420061554679 -0.006657324329698285 0.035696118437776224 0.9993405161211295 -2.4615376671963904
0.44142184210183777 -0.8965372361504529 0.03698298948337384 19.31927789511636 0.8967437620114134 0.44222412459657845 0.016983783983778578 -40.03874260596461 -0.031581364901442636 0.025667251907769962 0.9991715616301662 -2.4773810680934707
0.47786077395999393 -0.8775682392170943 0.039026481109173845 19.793633107023716 0.877947916994753 0.47860409111513014 0.012065612808084054 -38.97057680007268 -0.029266632107743485 0.028497534722661595 0.9991653290420963 -2.4469717304082637
0.4626931745090497 -0.8848466311665792 0.054419349278487024 20.358236487415343 0.8859504967168368 0.46372174644952746 0.007338885268926655 -38.02986230989611 -0.031729223594794624 0.044817197401845234 0.9984911993538629 -2.4466517867044364
0.4176330268337335 -0.9081102081599438 0.03030684301272463 20.953640994445514 0.9082639700269407 0.4181671424408173 0.013885306398564272 -37.09718692152663 -0.02528271442299831 0.02172765101397431 0.9994441923053133 -2.487291509372868
0.33065662316938516 -0.9417325722694931 0.061692462107646756 21.191441253178706 0.9434729345194697 0.33143923256648344 0.002618576896169938 -35.897806180737426 -0.022913301452210887 0.05733931846843575 0.9980917709179529 -2.453996410001191
0.4005568654570405 -0.9159643843352706 0.023736978841865135 21.692496361399396 0.916029858940464 0.4009120725711728 0.012601888596572679 -34.95021979160969 -0.02105932251389159 0.01669600838510452 0.9996388088901212 -2.4971213026732646
0.4473643641212902 -0.8928711489055072 0.05144158985211851 22.075052294530572 0.8938879918902851 0.44824426464789857 0.006429398464740017 -33.791419188344996 -0.028799022009565394 0.04310673569669306 0.9986553087371378 -2.489207524626337
0.41753208729506963 -0.9084602331888701 0.019156220750609347 22.69654459646885 0.9086621692801481 0.4174424178673727 -0.008653894160288082 -32.961995246752075 -0.00013490040048839275 0.021019811594433772 0.9997790502518126 -2.350485994404901
0.4124344829100788 -0.9103153444643661 0.034982437585429564 23.04741327103874 0.9101320707951035 0.4134069086364415 0.027465279934448035 -31.925834612724465 -0.039464047143097 0.02051100983334283 0.9990104541288364 -2.59266360320365
0.45445172439139736 -0.8901818802345522 0.03240139348488973 23.56319100983745 0.8899977005392037 0.45527223032585495 0.025125471717990972 -30.97166725919199 -0.03711769433323265 0.017418851747429517 0.9991590766095185 -2.5599432712085743
0.4721033351983829 -0.8812519553344381 0.022659040442894192 24.150179183667433 0.8810396639105641 0.47254643175356226 0.02165595653246966 -30.08829660421753 -0.02979180274712579 0.009739664070453246 0.9995086730153326 -2.6435349545028832
0.38124652921328717 -0.9228150740272361 0.055348198804740706 24.593961528306455 0.9243872105228979 0.3813447134622925 -0.00919209095134687 -28.92571317684543 -0.0126241429221156 0.0546676198719949 0.9984248005498526 -2.438622761600993
0.4368887757698242 -0.899284716330468 0.020376373101558622 25.051835459804217 0.899074809541859 0.43727168820000595 0.021399942663159754 -27.939958109878557 -0.02815465243283963 0.00897048901378538 0.9995633275952253 -2.6481520847386313
0.3630987483581707 -0.9307243672016768 0.04372014681778005 25.494365010742406 0.9311053910152568 0.3641936197033646 0.020143440363725982 -26.95724941880972 -0.03467058930932343 0.03339400641431717 0.9988407233250679 -2.4989967283935104
0.4110998825175787 -0.9112859427350313 0.023554557256686842 25.977148497095214 0.9111408561903158 0.4115712956028823 0.02077038315831883 -25.994708277737907 -0.028622137844883266 0.012922817389811495 0.9995067653677479 -2.588968894958125
0.4107577778825363 -0.9111125051384636 0.033941875159073126 26.442365074279135 0.9114589389268097 0.4112761551416153 0.009722492599341999 -24.78486107580954 -0.022817768502096956 0.026943036062089906 0.9993765167584946 -2.709502761454419
0.3906294449667834 -0.920212038439388 0.024868474745525868 26.88704412136765 0.92023511749636 0.3910584471485301 0.015511912849186793 -23.838608271265453 -0.0239992760599821 0.016825433872753308 0.9995703774740378 -2.4908499633073222
0.3878440013296447 -0.921723479241383 0.001690694463942783 27.358125958835405 0.9214066110531945 0.3877575749547705 0.025571862909509305 -22.898667406005245 -0.0242257660369645 -0.008360076575929302 0.9996715567522999 -2.6581260414924235
0.3846176688156857 -0.9229611214762622 0.014560806230009509 27.81509629750036 0.92301212732016 0.3847287384250264 0.005693035201046786 -21.56342191107013 -0.010856410765084803 0.011250158806345462 0.9998777786670388 -2.6519305373576985
0.43301041137478324 -0.9008852971901714 0.0301274782817535 28.804480539366523 0.9003108663243545 0.43388507252446273 0.0344105771345392 -19.79448833775945 -0.044071846107592454 0.012223957911343139 0.9989535761153521 -2.741545253060496
0.40522713263463495 -0.9140143018897208 0.019204867033080757 29.104298188290105 0.9133861113265286 0.405664826614615 0.034086068760368064 -18.768163930604207 -0.03894589339730428 0.003728858911337724 0.9992343633996507 -2.5498525189660644
0.49363191128240413 -0.8691442682908301 0.03026180861875819 29.686543049587303 0.8677080864237876 0.4945560707556719 0.04996968714610639 -17.855188771978423 -0.058397028335777514 0.0015917838761892768 0.9982921683082773 -2.7274790305446475
0.3793084349742679 -0.9240686490474289 0.047140672513565976 30.17173900996086 0.9249131151945377 0.38008508840223254 0.00842940777296583 -16.659461217202097 -0.02570681813269385 0.04040368079676423 0.9988526928829725 -2.603646750577089
0.182756454186353 -0.9831406433131471 -0.005878258163966234 30.275522073234598 0.9822211346987686 0.18283998319024108 -0.042557996875504045 -15.787065846785993 0.042915277050189445 0.0020039992023777875 0.9990767052548579 -2.6781783420057907
-0.10205587039255781 -0.9942075000994497 0.03370528244089446 30.390280629291944 0.9902603198285729 -0.10475966145727722 -0.09170557400926863 -14.819896200310115 0.09470532345877003 0.024017911594467506 0.9952155754564989 -2.7536254651861247
-0.33950559400425995 -0.940557026302951 -0.009403824326556212 30.38683608383218 0.9399954897529081 -0.3396285579892382 0.03257179519678312 -14.442140482051201 -0.03382943812724748 0.00221875422267743 0.9994251579011277 -2.769815034921833
-0.5015072755177692 -0.8651531695133498 0.0006677452729804238 30.31715335194418 0.8634273582723165 -0.5004578382728713 0.06352282344270851 -13.841670875430014 -0.05462279368206348 0.03243370765499734 0.9979801626375732 -2.595319974510608
-0.6778765571248042 -0.7350184728791251 0.015205848449239254 29.494826972984594 0.7351426933989387 -0.6778971953447073 0.004540141620498702 -13.107737086141022 0.00697091405602204 0.014256123954952508 0.9998740767151655 -2.432176653169582
-0.7457364949095158 -0.6648471902692336 0.04307312098252906 28.33789355228524 0.665513883318079 -0.7463838607285906 0.0015503402125273628 -11.808898275213043 0.031118342998309474 0.029821905287719767 0.9990707195659624 -2.5667675709939424
-0.8388950435979294 -0.5349503557184955 0.10041525154817782 27.5763807124303 0.5340876330032899 -0.8445940126846054 -0.037567991831614016 -11.136387390003616 0.10490713083376096 0.022114941871327735 0.9942361003535609 -2.4646773318784465
-0.90306998240329 -0.42710228938009903 -0.0452574998027951 26.1207033455906 0.42570862321781516 -0.9040868324347686 0.03740544794624319 -10.406137326894038 -0.05689266209375478 0.014513229287272568 0.9982748074430913 -2.490735213578425
-0.9102508898143573 -0.4139913061784392 -0.007383495164237902 25.272906682301944 0.41392488947705136 -0.9102661271276817 0.009042326878739893 -9.86277496634679 -0.01046439026323874 0.005174573667553753 0.9999318578402119 -2.400740011146843
-0.8914896745078016 -0.4527640239526375 0.01583978725204292 24.005718768939712 0.45207034596889717 -0.8913232110763225 -0.03428316922566722 -9.297414307405969 0.029640555688719 -0.023402393270981175 0.9992866282742175 -2.4422384878969177
-0.900024565527288 -0.4342121634185084 0.037624175563534305 22.917149655223835 0.4331167605881991 -0.9006974759238138 -0.03396952401868657 -8.749911266627247 0.048637980478240646 -0.014277745056207486 0.9987144200676729 -2.257397915620541
-0.9181231765571063 -0.39605199561772464 0.01387982117707164 22.108792108814438 0.39582278562336404 -0.9181757478698638 -0.016661884796679377 -8.358550188835126 0.01934308791403521 -0.009803713114693163 0.9997648384290752 -2.377731313185135
-0.8976587843863499 -0.44056468906644874 -0.010557535782747735 21.000469642668318 0.44069046898467035 -0.8973570125906705 -0.02328738930019116 -7.851752491147696 0.000785722655882449 -0.025556734966162824 0.9996730645254864 -2.2731165215026157
-0.9157640834718404 -0.4017155967974592 0.0008501250737810329 20.113341001552484 0.401704745902459 -0.9157514324258551 -0.005710615504036782 -7.413469722756216 0.0030725465693410767 -0.004888077296365807 0.9999833329400666 -2.2310245494408694
-0.8942624278476594 -0.44728178969217136 0.015287601178025483 18.93168921075878 0.44655833002780554 -0.8940388819469269 -0.03577898055935442 -6.845154743298515 0.029670996322801874 -0.02516899236873231 0.9992427902168496 -2.3576238272341503
-0.5874701716043567 -0.8052796753076918 0.08002150968012697 17.262250735325473 0.8015385094397038 -0.5926382213746288 -0.07947299196012855 -5.879822974889247 0.11142179032992619 0.017452309367395447 0.9936199482384694 -2.180170294885254
-0.15652699970009953 -0.9873444434526311 0.02549996760976437 16.716794766668855 0.9803067116430735 -0.15216017815598137 0.1258810203767179 -4.741069634403378 -0.12040784639062635 0.04470156783328774 0.991717560780698 -2.2082772105070876
0.03535695306462949 -0.9980587148931586 0.05127072747487241 17.030193936189452 0.9961794832986424 0.03929668491927851 0.07798850946905574 -3.4308084156361236 -0.07985188116028094 0.04831741073538608 0.99563502594826 -2.1990582478464082
0.18670091319779303 -0.9801138675908928 0.06722778865269986 17.0410144760475 0.982361480818818 0.1855265768222395 -0.0233625832493063 -2.132899254719498 0.010425450329327405 0.0704038056403457 0.9974640916528209 -2.01051614445141
0.18630921414577462 -0.9822777823018898 -0.020475231878177957 17.378453664054234 0.968195035818679 0.18710058573526978 -0.16610762605487428 -0.8467848006002779 0.16699475842208605 0.01112336341221555 0.9858950357142229 -2.063886899582101
0.28678577720635856 -0.9560275371648574 0.06136176476146974 17.782590246017445 0.9514898715092033 0.29170516223974063 0.09785255611421931 0.6419810170956889 -0.11144928177222443 0.0303223763116236 0.9933074101642813 -1.9947245385842451
0.23480401044832266 -0.9714307758011094 0.034486584403777686 18.262908955552277 0.9709980804541649 0.23604839925862142 0.037998433675213876 1.7587993051177224 -0.04505335094874908 0.024564222639793847 0.9986825294028085 -2.1153940633029475
0.07570104887517726 -0.9964585656793421 0.03660161312656061 18.483513708200753 0.9968256917958025 0.07471927166650039 -0.02748764481449123 3.035235221560266 0.024655453251115504 0.038566271869291416 0.9989518263155065 -2.136222928321969
-0.1286354129729388 -0.9905135334540609 0.048330844950533934 18.49396004026829 0.9910512457006466 -0.13015114342249157 -0.02963289153988491 4.061865319659746 0.03564209483851948 0.04408650485317607 0.9983917172960485 -1.9951114117997988
-0.2775576977991976 -0.9603337720777947 0.026847171159071148 17.959048206995273 0.9585613074907058 -0.2749615399116001 0.07454107157232945 5.905536214657667 -0.06420236891360749 0.04642410770576694 0.9968564881915573 -1.9849901812301458
-0.45059134012712954 -0.8926324449694759 0.013219772700539908 17.691399305725664 0.8926929899967836 -0.4503876479985951 0.015817463162495438 6.913355766364777 -0.008165158482280714 0.01892841034292314 0.9997875001563328 -2.008225626431992
-0.6812584528718293 -0.7311660008882348 0.03582177460410837 17.09299705752958 0.7312693189891661 -0.6819723342645432 -0.01260628426189266 7.871702746267982 0.033646745694090464 0.017607227007010246 0.999278680880024 -1.9056845348645177
-0.8344888767455132 -0.5507600342227076 0.017079206392964882 16.462646576158875 0.5508541977845399 -0.8346009084923818 0.000988092527037309 8.466954728500436 0.013710119297891114 0.010232704759401256 0.9998536514821279 -1.876425986384315
-0.9452894807927255 -0.316719820511795 -0.07820711475048656 15.831675263111508 0.31540629374983625 -0.9485153233263466 0.02894047819419089 8.7555713361355 -0.0833466697931681 0.0026901133977607905 0.9965169822558448 -1.7551918750698001
-0.9884204287286489 0.15142981022298677 0.009698899303761775 14.027083449062903 -0.15164302333637988 -0.9880541764020441 -0.027447002894322056 9.014348112533826 0.005426743524107739 -0.02859994878157981 0.9995762068919081 -1.5833813235521432
-0.9148667411410745 0.40373222747181337 -0.004374294749863487 12.986951289173275 -0.40355021394628066 -0.9146927529819815 -0.02200891787788006 8.76813527065573 -0.01288684514618799 -0.018369979392806154 0.9997482048392415 -1.5569618046282019
-0.7828272988881759 0.6171634426209164 -0.07931396603210264 11.362214495463553 -0.6138998918844086 -0.7868344253165891 -0.06339171776363586 7.891878552402279 -0.10153000965110795 -0.0009339320167571913 0.9948320385428054 -1.3807010473726167
-0.7670617865902984 0.6383562753275339 -0.06416760321889664 10.491559515437933 -0.6364142149968101 -0.7697365850620408 -0.049825059628888 7.319351055389458 -0.08119829125599873 0.002618275574877916 0.9966945279924637 -1.2823195217880228
-0.7593492122962326 0.6483097864149756 -0.05552652180409584 9.658456073208415 -0.6470570326798373 -0.7613596094364938 -0.04060469896791 6.558792747112477 -0.06860007466946344 0.005095680256782448 0.9976312263547411 -1.11170023743016
-0.7629786220421781 0.6443831207025466 -0.05132266614533829 8.720539937784299 -0.6432350639739008 -0.7646945623009171 -0.03861190052172801 5.851913940397893 -0.06412702067857297 0.0035524837868101296 0.9979354212963053 -1.039202611926471
-0.7576155697274802 0.6508397374454321 -0.0492573311139234 7.856970692088381 -0.6498010452160187 -0.7592046244824018 -0.03697214898684062 5.1569208670995845 -0.061459337310740283 0.0039967895236644145 0.9981015857771333 -0.992690054414872
-0.6613496565975188 0.7496557850120823 -0.02515622619279449 7.004111578981872 -0.7486668282060472 -0.6617904036010811 -0.03913364339561849 4.246366881424509 -0.04598491124533481 -0.007047389547708706 0.9989172749724181 -0.9063280265404372
-0.5616026806821133 0.8264588007935065 -0.03960151059775797 6.443757003584997 -0.8199546592198106 -0.562315914360975 -0.10712221655709808 3.557911795724601 -0.11080065827597566 -0.02768868085230175 0.9934568692591893 -0.6922604064069073
-0.616163669425603 0.7870461170305308 -0.030012366570144968 5.911067432322967 -0.7842186361713116 -0.6165951805525576 -0.0693650776757838 2.8110296134616997 -0.07309899562637485 -0.01920398361079036 0.9971397815010149 -0.6204598487400717
-0.7137747286570906 0.6998075365341502 -0.028196605123688833 5.102215236981536 -0.698680784636171 -0.7142693260528405 -0.040798174471487106 1.9049242274260278 -0.04869084011065712 -0.009420279721195149 0.9987694731114347 -0.6660484200228928
-0.8063471001912021 0.5910403172291601 -0.021810488827484556 4.09197596570687 -0.5896797901228097 -0.8062419869566737 -0.047451065202737654 1.043085679795123 -0.04563002447905509 -0.02540082435294417 0.9986354184527163 -0.41700941598647784
-0.8445816274543159 0.5316743369492929 -0.06327933308869743 3.3947378591926314 -0.5282444312916565 -0.8467053859961451 -0.06362240277193712 0.6256175814786448 -0.08740535095733468 -0.02030735715572233 0.9959658206331055 -0.34692718154537616
-0.9371650464175654 0.3473296029093682 -0.03292146284696587 2.4877688039153396 -0.34678311091912484 -0.9377046115522829 -0.021249363633697012 0.1507287026954263 -0.03825114056361578 -0.008497553554038166 0.9992320260225743 -0.2590247425781045
-0.9963419199993795 0.0756144826081784 -0.039814927751387265 1.6468923858460887 -0.07583155326293191 -0.9971127466081389 0.003968133226743662 -0.08357733795140715 -0.03939992362532981 0.00697284529238622 0.9991991920767583 -0.11902716711295128
