1 0 0 0 0 1 0 0 0 0 1 0
0.9965735894462054 -0.07611240216920441 -0.032372566384818335 1.090356994435141 0.07616792807791352 0.9970948865431651 0.00048369596867768393 0.058933007628243696 0.03224170514448589 -0.0029477899358020605 0.9994757540750402 -0.22813800040411542
0.9727882544047808 -0.22550326134262202 -0.05320987893183905 2.2213824192102543 0.22496954167501101 0.97423615956273 -0.01589373206641801 0.20963977406046766 0.055423076517235756 0.0034906337969893356 0.9984568583895154 -0.4109467699747141
0.8066651971018057 -0.5906083888044311 0.021748353007511427 3.9026241017354626 0.5909509557138369 0.806554410279738 -0.015714681008758537 1.003693804997039 -0.008260007603370468 0.02552869624831299 0.9996399641582233 -0.729479040350224
0.767781291381508 -0.6379826975705355 0.05907593592289971 5.57836594499739 0.6390059251605709 0.7691991757506913 0.002013860506511303 2.213880386495942 -0.046725969377069965 0.036203668668787665 0.998251460384954 -0.9305923575609389
0.8192538428425412 -0.5731825522959657 0.01687906191737774 6.500345830733243 0.5731794779348209 0.8194113991454718 0.005499547692898957 3.009181639887384 -0.016983140525070762 0.00516920631652878 0.9998424137052615 -1.0589016278503949
0.7845680884484066 -0.6200036469178138 -0.006956464405425279 7.597947174778337 0.6191942581671366 0.7840319542493933 -0.04350132605710561 3.7558093083231436 0.03242507118361835 0.029822349412610832 0.9990291498421101 -1.1501856132725436
0.6764386211862699 -0.7346221776395291 -0.05254567430125958 8.43438618669943 0.7286578054957036 0.6779145051143907 -0.09741522594387604 4.533601896074731 0.10718486020797735 0.027607605395376694 0.993855736949045 -1.2900712335438345
0.7815365583069618 -0.6215991765241022 0.053057249968942094 9.761666154975188 0.6214821368178957 0.7831551596998244 0.020686939159886637 5.73646476104729 -0.0544110434192501 0.016806533851456026 0.9983771726025835 -1.5293426245552504
0.8245719806669148 -0.5652247490812523 0.02453633479305318 10.608415012735154 0.5651574265932736 0.8249192503886218 0.010262236829385091 6.447174930042133 -0.026040965141671278 0.005404938881193912 0.9996462648208015 -1.5618783658164743
0.8874925397595194 -0.46082179281807756 0.000516851168689755 11.649253662203234 0.4607309222259457 0.8872941086153626 -0.02088497357668439 6.935224064662674 0.009165651969556512 0.018773387557986153 0.9997817515555937 -1.7294987074558164
0.9285480375507851 -0.3702386379633775 0.026868065051449563 12.61617821994423 0.370229130260598 0.9289241198997528 0.005510950458021984 7.414171784284029 -0.02699876047278882 0.004830158122947428 0.9996237974885555 -1.8284258101387214
0.9978894748251377 0.05966004331041958 -0.025637380236879635 14.608783254330708 -0.05911112326975807 0.9980163700138606 0.021661031603884592 7.749903034503167 0.02687882324431184 -0.02009986110787525 0.9994366035144228 -2.0067647525272134
0.8790638336475146 0.453252809813254 0.1476775770701981 15.800185994804664 -0.4520105485362779 0.8909351197814966 -0.0438300850086277 7.346827409879521 -0.15143724900059252 -0.028222380061227983 0.9880638931156283 -2.1380679294218594
0.7751953202153051 0.6299849816189433 0.04680959784991151 16.835565290097158 -0.6312899908915142 0.7752747551605584 0.020542672925596042 6.814970907427757 -0.02334872408681874 -0.045475014516941734 0.9986925753895448 -2.2938281748169462
0.5592054187349003 0.8288648511320854 -0.01650327892605644 17.34054624842083 -0.8222149609691205 0.5570462337811085 0.11688477825974956 5.888185357902895 0.10607477370267297 -0.05179335853242922 0.9930083536385066 -2.4298911335763855
-0.26028981869168827 0.9632032752282744 0.0669974691684159 17.686320474687413 -0.9635721087492811 -0.25471844222096773 -0.08153101515979655 4.462994860610408 -0.061465449855275946 -0.08577858580116822 0.9944164282090481 -2.393937602205923
-0.5489319384065269 0.8346004875838532 0.045997316465719314 16.84183531692258 -0.8354316738493024 -0.5460387727589686 -0.062414557382330524 2.875574312241803 -0.026974901790476208 -0.0726889590562 0.9969898043133238 -2.2724567624359957
-0.6279609852240826 0.7753222486603563 0.06738257763433923 16.19603869261494 -0.7776400442211875 -0.6285293470962269 -0.015060593031498752 1.911920375026404 0.030675114670831956 -0.06185685548942411 0.997613535778706 -2.2581457614824827
-0.594068525874271 0.8001050607877476 0.08315334188958338 15.43304792066953 -0.8026346604158874 -0.5964512044258423 0.00485413617816518 1.047446438735599 0.05348072984397865 -0.0638580648062363 0.9965249415315994 -2.2668686369420374
-0.5389052506737595 0.8411559348602816 0.04514226451540281 14.21152017752834 -0.8422637864953724 -0.5372289257439162 -0.044461166229826946 -0.5414982748782792 -0.013147043573770948 -0.06198205057405143 0.9979906716256947 -2.14464665988974
-0.6083542106125479 0.7917456247341355 0.05517263945414846 13.584888155336424 -0.7936647175485396 -0.606988000088048 -0.04076620987666741 -1.5383408616569363 0.0012126617750075903 -0.06858887273796957 0.9976442732697631 -2.0562827998883635
-0.6127511705794476 0.7880609306171378 0.059126750192851685 12.807422970211327 -0.7896266889983196 -0.6135638404846221 -0.005394967220700374 -2.4165894518626256 0.03202647303510685 -0.0499938324657341 0.9982359048543183 -2.0471969010450897
-0.4967922259537981 0.8656378678486152 0.06219779721480728 11.76183650658379 -0.8678648111546424 -0.4952762904216554 -0.03888528906516177 -4.247795173763016 -0.002855484440095566 -0.07329718884560205 0.9973060554894595 -1.8740126347647341
-0.5519548280563716 0.8316406649639577 0.06098911512366834 11.180242405592983 -0.8338666974298943 -0.5507780538146901 -0.03619207583799941 -5.20926108234533 0.0034926641153543007 -0.07083318300351106 0.9974820607324066 -1.8723291902007901
-0.4860167210760748 0.8699345606479307 0.0836756059120705 10.496233851843572 -0.8733876265982239 -0.4869056247189518 -0.010815096956061893 -6.158092121629178 0.031333696551517035 -0.07833755681241655 0.9964343564194679 -1.9009673670764544
-0.5033156272312351 0.8618238218744063 0.06271426819010247 9.936851579188692 -0.8640847583755512 -0.5024448505247666 -0.030111501527003898 -7.0299078684645515 0.0055596517781666315 -0.06934603255368248 0.997577173977617 -1.8654779329182167
-0.49339127457764176 0.8635520212335048 0.10412951932174902 9.410673748057516 -0.8664947121293866 -0.498415732608614 0.027724922723608103 -8.05359814551968 0.07584170371544688 -0.07654844290870273 0.994177233628789 -1.9112225221636523
-0.5261875820994607 0.8494345515408296 0.03984433577000132 8.507350322234254 -0.848955223625202 -0.5220358321284058 -0.08218040066515817 -9.744081262457838 -0.0490067008051581 -0.07706836330578361 0.9958206719352444 -1.665329832756886
-0.6295765441780042 0.7741170164111265 0.0661530038895978 7.871815219952639 -0.776485608365186 -0.6298313156183388 -0.019560518096884475 -10.724041092706688 0.026523103563274454 -0.0636816988561667 0.9976177455359162 -1.686796227713516
-0.5850161704725134 0.806717165369549 0.08344756068211062 7.081717397574193 -0.8097866671576371 -0.5867011168459969 -0.005230027283512013 -11.722165735230995 0.04473962426530814 -0.07063437258006798 0.9964984452726554 -1.647573071658145
-0.5773915184032332 0.8133602613067648 0.07116262925862651 6.375225388728138 -0.8161891199673953 -0.5772736157066005 -0.02430006287804493 -12.537823961620726 0.021315602803058175 -0.0721128139516128 0.9971686853993776 -1.5650799451251576
-0.5790522573907609 0.8141839523060723 0.04246145331860656 5.128001599227234 -0.8151099807075508 -0.577042701109453 -0.05116092695840454 -14.235657228025905 -0.01715233399863441 -0.06423560464081199 0.9977873443448901 -1.5281997387694735
-0.515107300748993 0.8557256239871871 0.04897065618128721 4.495355863002907 -0.8570852803392451 -0.5136867806037018 -0.039124335889588566 -15.27157853388224 -0.008324118024386288 -0.06212525963521821 0.9980336473157468 -1.492564062482263
-0.537374992675587 0.8408732601267814 0.06450021434592976 3.9159054305693273 -0.8431588024617812 -0.5372839406597666 -0.020228715735986523 -16.20457608761398 0.01764514318808383 -0.06525432945690457 0.9977126447073834 -1.4670259677677138
-0.4996240420387254 0.8643284153562509 0.05755177690252445 3.279425629436043 -0.866015889126632 -0.4999089085052692 -0.010371257266081705 -17.06962525441317 0.019806473615835388 -0.055022482721360455 0.9982886506407266 -1.4339371508627785
-0.4780075096172431 0.8776222968956395 0.0358876683714979 2.7005447471166413 -0.8782770347404512 -0.4770185812228298 -0.03290476281146581 -18.0481236370677 -0.011758868867437485 -0.04724803868712267 0.9988139725910817 -1.3798508344927167
-0.5128578425009707 0.8571188796003706 0.04820850151016344 2.2683846775690126 -0.8584530555512295 -0.511648317041432 -0.03569805433673207 -19.03284182931816 -0.005931677672248506 -0.05969276255356467 0.9981991731607055 -1.3791938024758972
-0.5590110554165889 0.8280102918198783 0.04365313920431132 1.7900750351387877 -0.828960306815152 -0.5569452461925332 -0.05134980495063009 -20.090831901303904 -0.01820575862084301 -0.0648918283291381 0.9977262154364497 -1.3412010166110886
-0.4157743592244305 0.9090003918020423 0.02915424352043118 1.1028717781013517 -0.9093077515576291 -0.414886171874111 -0.03207611798293713 -20.87298577037685 -0.017061511325901117 -0.03984660702468973 0.9990601346965534 -1.3350418316841113
-0.3964384105834457 0.9148355986438692 0.07689222371595858 0.7615868597811847 -0.9180584170844405 -0.39483361634842945 -0.03570935762000021 -22.09709638593555 -0.0023085567966365027 -0.08474811416860432 0.9963997328935719 -1.3310305466178216
-0.3753103831498132 0.9252715524616323 0.05490601520034813 0.3338421673468204 -0.9267804519786151 -0.37365519452817775 -0.03820719084705706 -23.057660092416096 -0.014836108999801178 -0.06522537701961034 0.9977602618176353 -1.3170763995771029
-0.5202176703879141 0.8485250295598731 0.09684446100107186 -0.2538189542079826 -0.8540337068872893 -0.5168693375740806 -0.058928052539402274 -23.939307059704937 0.000054004882440810744 -0.11336384823279132 0.9935535390693978 -1.2636687959695705
-0.5259318246796126 0.848379784535352 0.06039418002525393 -0.8843566761598922 -0.8505239712059134 -0.5244217327897495 -0.0398850922265327 -24.873397842862094 -0.0021656854100587366 -0.0723435371650188 0.9973774222615819 -1.2169782032349148
-0.5498029610323059 0.8326402368387181 0.06653525409339214 -2.2261043718781273 -0.8352912009766634 -0.5482736974138743 -0.041043419631935946 -26.53405117234831 0.0023051271271496295 -0.07814210594348683 0.9969395657047846 -1.136841104082557
-0.5341627070252867 0.840671715136682 0.08911380248068905 -2.7886507842674897 -0.8453728855302265 -0.5307000249102831 -0.06084544330123696 -27.493361205702257 -0.0038583459819509303 -0.10783575904761318 0.9941612355332049 -1.0749915422368677
-0.5188969594192252 0.8517503821752686 0.07257569820379033 -3.3776107374504747 -0.8547985041935199 -0.5161967417444939 -0.05348309116804832 -28.45038586258898 -0.008090904399671599 -0.08978981165284168 0.9959278723830068 -1.0124494286294623
-0.5490806737953153 0.833473793867534 0.06190192727648028 -3.9441923548709212 -0.8357639707440532 -0.547303174700906 -0.04424726170559167 -29.57277397617432 -0.002999811763486865 -0.07603071680820463 0.9971009634089287 -1.0017542214860733
-0.5891135686284047 0.8049520934492493 0.07069179945069518 -4.674615393969082 -0.8080197497128521 -0.5875927731375263 -0.042881429903070464 -30.55983890057954 0.007020493706742013 -0.08238240229698844 0.996576064563007 -0.9644489676624305
-0.5132164586853788 0.8568099316131663 0.04985586849590644 -5.293988007688061 -0.8582499092634848 -0.512614670951545 -0.02516530100077701 -31.484310775773857 0.0039949697945320765 -0.05570404127423436 0.9984393321589745 -0.9895849698498239
-0.4479167273995121 0.8933497504753007 0.036011507069686303 -6.330481427797021 -0.8937626606490024 -0.4463317227527339 -0.04445559238379085 -33.11439501823791 -0.023641314373955936 -0.05209814382773738 0.9983620944649172 -0.9357385760629481
-0.5349855780999893 0.8427082211599399 0.060276738585210585 -6.790194695147166 -0.8448554485706159 -0.5333556056489367 -0.04184577569361021 -34.17788979326601 -0.0031148427831625175 -0.07331201751627031 0.9973041892231929 -0.9561040216604367
-0.5589741150359144 0.8283535960949883 0.037124904798752474 -7.4059781520828425 -0.8291106232771608 -0.5577633210712631 -0.0384142165937631 -35.120683453557085 -0.011113644261608753 -0.05225320568209564 0.9985720251474959 -0.8318307887764513
-0.42492399052729024 0.9039556314894902 0.04799811009613539 -7.9999679365319345 -0.9052002770909151 -0.42389013160715583 -0.030489583148995265 -36.076403409949506 -0.0072153051837557805 -0.05640365790004664 0.9983819743698298 -0.7680996578892215
-0.5332533004253458 0.8426545289244459 0.0746609835764081 -8.477991310796178 -0.8454649262569364 -0.533869928773655 -0.013113261248282562 -37.02233786984557 0.028809305004273252 -0.07011593281368468 0.9971227506735754 -0.7922214975414147
-0.5673454408476125 0.8224929629300896 0.04030479723198307 -9.146777557583851 -0.8234796418216436 -0.5667042843703589 -0.026972830433174468 -37.983016013808076 0.0006559380504508215 -0.04849309236130466 0.9988233025608241 -0.7600998191090671
-0.545655538765686 0.8366810013547817 0.047169216511288775 -9.774297625323252 -0.8377899622204192 -0.54335917996751 -0.05356100024965526 -38.76927633420208 -0.019183644519161484 -0.06874375256701404 0.9974498906040179 -0.7195015362054981
-0.5302166795110925 0.8464087194976948 0.049624110334631474 -10.42174818770653 -0.8478587103378191 -0.5294729756690969 -0.02817756803561988 -39.752581350647134 0.0024248860842207044 -0.057014450750526614 0.9983704083821267 -0.7048759030586085
-0.6532774888419021 0.750602528341745 0.0991179449918063 -11.047506424161051 -0.7540193506327728 -0.656837217243921 0.004437219241180627 -40.751486363503076 0.06843494314859087 -0.07183811307545727 0.995065798862571 -0.7091379509066804
-0.5512676899709946 0.8319484916214049 0.06297333787336358 -11.67073308834357 -0.8337640840233638 -0.5520990278981808 -0.004910762320214759 -41.60070049402211 0.03068201731837378 -0.05521205197014023 0.9980031278160011 -0.6008272592421331
-0.6519417706414249 0.7560110770309766 0.05847374709549105 -12.758487018008925 -0.7580635833108178 -0.6516193202290491 -0.02705300652783888 -43.031201483191225 0.017650250731571695 -0.061963803229751806 0.9979223194910599 -0.6013789349491574
-0.6698573557556513 0.741207276803327 0.04362219336349963 -13.467441376576717 -0.7424845181413888 -0.66847362664917 -0.04312482805595571 -43.85710184260072 -0.0028041505658766893 -0.061276286508748085 0.9981169036998131 -0.5294351906517908
-0.6099843457997882 0.7910437477763811 0.0465713107299075 -14.093637923086034 -0.7923897812035925 -0.6084573867002695 -0.04356653777845699 -44.72290271820019 -0.006126379299986157 -0.0634775367651898 0.9979644631964089 -0.47523307816770693
-0.5956320803897682 0.8006093444837321 0.06516979619336763 -14.789549338297444 -0.8031160449973707 -0.595085961018077 -0.02961954197776586 -45.60736769475981 0.015067948710354918 -0.06998125838051093 0.9974344993016545 -0.46020378485127494
-0.5989391480653166 0.7989810567506423 0.05386249036592785 -15.412144383164259 -0.8007741507463388 -0.5980475566623801 -0.033164430744953684 -46.45153786232642 0.0057145788359575355 -0.06299516587631253 0.9979974712718183 -0.4240947391807377
-0.6445594541782482 0.7627111716289835 0.05305448804561686 -16.15148571217657 -0.7645392909104641 -0.6434263810572591 -0.03849889366830687 -47.34962628625811 0.004773120945862908 -0.06537706655932383 0.9978492153048646 -0.36742879306661436
-0.5930759658599268 0.8032987163292364 0.05451670444107367 -16.91171809928516 -0.8051258445936975 -0.5921847800953227 -0.03300849270626128 -48.12999484584721 0.005768282812056253 -0.06346935140093063 0.9979671178681919 -0.33931959595802136
-0.5527268158641764 0.8307068015907958 0.06647764147019453 -17.557529571324853 -0.8333213357219567 -0.5517311208387891 -0.034180721591972926 -49.11880815114497 0.008283625729336289 -0.07428983839505883 0.997202287129353 -0.3120595778132877
-0.5696888729669503 0.8196389599564057 0.06038678116299644 -18.210576846764766 -0.8218349716295126 -0.568709873450128 -0.03400528263458148 -50.02196962527533 0.006470504181636264 -0.06900039972290613 0.9975956482531959 -0.30228779522151145
-0.48935653508637605 0.8702940394676515 0.055843230881944476 -18.84544892477651 -0.8720621080446938 -0.48788826781837014 -0.03837600601724338 -50.96139219653879 -0.006153152111008423 -0.0674783149779872 0.9977017669257834 -0.29987125854749974
-0.5556663966142296 0.8291336615048533 0.06141845840879831 -19.396986689985177 -0.8314027116456142 -0.5539602654414821 -0.0435609386988211 -51.92222695277146 -0.002094455078797477 -0.07526882270607559 0.9971610790571221 -0.2443867857002081
-0.5093648171967572 0.8588222731612671 0.054514091061192704 -20.062438516887408 -0.8604766958033604 -0.5091287380786855 -0.01917769646586303 -52.84093844359176 0.011284457516682299 -0.05667654880564781 0.9983288184932034 -0.1317458610348377
-0.5871189630539395 0.8039816076967848 0.09436576554959492 -20.674312247010956 -0.8067486360782045 -0.5907378628416785 0.013616739374877066 -53.86941722247228 0.06669303868038831 -0.06813480674765778 0.9954444669096488 -0.07169625190989351
-0.6281242980537628 0.7770549045321167 0.04056527501511188 -21.859112781550802 -0.7776572359504293 -0.6251186216430323 -0.06690240839502226 -55.38543626797832 -0.02662873576434545 -0.07356890795505036 0.9969345646600352 -0.07098395769572229
-0.5466591994155434 0.8361053850233892 0.04573297310745224 -22.58849115357223 -0.837011191626608 -0.5440536667279801 -0.058462576163264696 -56.19929729573439 -0.023999683042964164 -0.07023811539847673 0.9972415065364598 -0.010806081976159919
-0.5882397210727267 0.8066652146874308 0.05714247076878191 -23.276192047221485 -0.8086553337759163 -0.587368098642385 -0.032791277086913144 -57.12544808315011 0.007112081835997679 -0.0654976954595341 0.9978273749409002 0.0064160095552175
-0.6615783816635398 0.7466787238784971 0.06917317560030488 -24.055799647904095 -0.7493785841485 -0.6616799993415078 -0.024724807198676167 -58.10943604580233 0.027309019298410304 -0.06819429432585532 0.9972982280573638 0.04102229637395837
-0.6472038176205117 0.7599462154036972 0.06007468810600231 -24.80053841815503 -0.7614586008652529 -0.6482032659497027 -0.003650367169364226 -58.89999441185306 0.03616652631602817 -0.048106919520342045 0.9981872102308743 0.08812980050966462
-0.5297803752728347 0.8469130969435968 0.045507803739362376 -25.981523908418325 -0.8479268452728402 -0.5276991376550101 -0.0505340002751403 -60.559247524780844 -0.018783477884132687 -0.06535921008981445 0.9976849976896575 0.1721416928773715
-0.5405166696020268 0.8374306331189761 0.08094235353809194 -26.553030984685822 -0.8400688658632857 -0.5424734096221555 0.002626872681877837 -61.61425249113741 0.0461088981597585 -0.06657728266357275 0.996715322920054 0.2346760255631814
-0.43350940540554694 0.9000099092919615 0.04529634202896127 -27.152552363299744 -0.9005999619717922 -0.4309431782250157 -0.05663643383661051 -62.4692107528468 -0.03145320208398008 -0.06534631066554343 0.9973668110384798 0.21815288519635526
-0.3919754220687715 0.91809305478539 0.05882526029555481 -27.63277107405714 -0.9196669465670178 -0.3893855665557513 -0.050907641372931675 -63.432925362921765 -0.023832244672019807 -0.07405419173070343 0.9969694081570433 0.25381458862267064
-0.43627157744981154 0.8975109684417901 0.06435194042243961 -28.085157481063643 -0.8996756269374641 -0.4363459183642486 -0.013638395123368905 -64.41273775476452 0.01583909732698418 -0.06384591649855659 0.9978340653346754 0.2999127385747316
-0.2642782396966806 0.9617516687822487 0.07204678769649395 -28.516413745748064 -0.9644381757916615 -0.26322754500392886 -0.023880214129221106 -65.4507162810931 -0.004002136738888435 -0.07579569345130616 0.997115337238255 0.2853526126484094
0.13126406819073744 0.9896008685563369 0.05882062014770741 -28.66716203899316 -0.9899422563876986 0.13400511711155946 -0.045353694512680766 -67.49530698521673 -0.052764319573455766 -0.05227570698193082 0.9972377735723258 0.31115534741129586
0.2552596628656951 0.9664689155649812 0.02793456211113564 -28.44520773355023 -0.9657347812165678 0.2562540550693117 -0.0411119399824696 -68.49688691281479 -0.04689175686919404 -0.016483158289098295 0.9987639704307204 0.2820661857981952
0.3995146832991686 0.9149533881869052 0.056993993312169366 -28.09625775759351 -0.9165073977564343 0.4000065037261841 0.0029978049441327327 -69.51939339765181 -0.020055116207436684 -0.05343308359113178 0.9983700205293877 0.3180805228140114
0.5740441608116253 0.8170735293073284 0.053517746060008795 -27.39554577643006 -0.8184177813485135 0.5745916982436975 0.0060593301610097445 -70.49028510524504 -0.02579993431490081 -0.04727819809056295 0.9985485142819333 0.3064055940355886
0.7448642644548361 0.6597445123044844 0.09957111037984068 -26.322367251115743 -0.6603443653464188 0.7503005968082311 -0.03153305542518067 -71.87347045932428 -0.09551202381580881 -0.04226337555532323 0.9945306734300747 0.24887061960310414
0.7493327640145776 0.654445579860652 0.10100193946221069 -25.453388331201868 -0.6570834151182867 0.7537625466168245 -0.009132846993606156 -72.59195050514177 -0.08210843044878346 -0.059523157834358645 0.9948443090909569 0.23147169080473162
0.7869423116408397 0.6114048181877253 0.08310202432075077 -24.36065866615055 -0.6148182079304788 0.78836619533552 0.021847499842117025 -73.47473811107844 -0.05215716006960426 -0.06828535969760749 0.996301530815065 0.15466681092096712
0.8781179318381485 0.4727638972173769 0.07350643014138367 -23.478479353136642 -0.47402675486023127 0.8805103889467548 -0.00030105400300718194 -74.0548380736722 -0.06486550285761176 -0.034579653622788094 0.9972946977169574 0.07889957300168528
0.8914850908900921 0.44084464052646805 0.10445255209794284 -22.457568799384454 -0.4441142419122479 0.8959231948286349 0.009174371845617578 -74.67135729922825 -0.08953699152525596 -0.054567681709427315 0.9944875541008369 -0.0802138310855412
0.8513068469520014 0.5176705631080928 0.08540398365411118 -20.540326920876065 -0.519705555070655 0.854343376577277 0.0018790761665266182 -75.65317245746351 -0.07199158535095508 -0.045984595136713435 0.996344633472158 -0.13726211930043455
0.7992439707067821 0.5949621142215279 0.08502445489331988 -19.571742790644805 -0.5971220176730382 0.8021504190717477 -0.000034541276047481044 -76.31354977977458 -0.06822295287464852 -0.050742367150828 0.996378864125988 -0.16703255789962604
0.8353728055961991 0.5437110110992432 0.0808122025425232 -18.656548532963306 -0.545314972765726 0.8382271157185353 -0.002623538012046925 -77.03049464494522 -0.0691654259572686 -0.041876471718902485 0.9967258925946118 -0.24910174731493953
0.9112266127263787 0.40195891004324424 0.08997274529576736 -17.54922619541339 -0.4045766962209175 0.9144222108445103 0.012235897564353 -77.62115833654278 -0.07735474862073748 -0.04755055153291998 0.9958690616314666 -0.30239798347097974
0.9903687216630118 -0.08346905858754845 0.11046588346670644 -15.687273129131812 0.08064332517474432 0.9962970552932808 0.029813280911324933 -78.01537779838449 -0.11254532089932474 -0.020617804743608126 0.9934326634811351 -0.4518793875568162
0.9561630567100924 -0.2793863391915831 0.08772389900100414 -13.700971180185118 0.28084339122332375 0.9597431556252893 -0.004479379041159921 -77.73140185574047 -0.08294093433881669 0.028919694042932927 0.9961347562993007 -0.5511226657807554
0.9058097874861144 -0.41412937883098855 0.08947338421798952 -12.760272968054746 0.41443489403244405 0.9099380452986594 0.01601475339714781 -77.3050681929461 -0.08804741621806558 0.02257457213579367 0.9958604526690518 -0.556946330783574
0.7966205894231706 -0.6014388517945711 0.06055529753133625 -11.697282647692184 0.603425961693607 0.797143972792721 -0.020942669227765838 -76.80472901428826 -0.035675555513913645 0.05322400015280642 0.9979451190053028 -0.6125528997491407
0.6774026189076798 -0.7307489050924859 0.08444956840120602 -10.963104957473771 0.7331379299501682 0.6800687546526283 0.003906995470384484 -75.9879737262018 -0.06028654547574489 0.05926657279914636 0.9964200950318318 -0.644867381129474
0.6303010975702892 -0.7709683074425119 0.09126004230175176 -10.255331685641808 0.7732576911106225 0.6339200657696515 0.014761211090904168 -75.27485279092566 -0.0692319979486237 0.061263522048846684 0.9957176865589019 -0.7101236668596057
0.6160748660032657 -0.7842674662999123 0.07332326221994276 -9.543526685101096 0.7857244353194146 0.618439092114077 0.013046113869778782 -74.41977310934823 -0.05557761438785532 0.04957449594935471 0.9972228929032476 -0.6974405578953519
0.6420852595589541 -0.7635643168852977 0.06852775668734139 -8.819266878691574 0.7656299106893492 0.6432496714001086 -0.006379663115897729 -73.51919681915015 -0.039209173861870145 0.056563187879940455 0.9976288119646146 -0.7611688976354568
0.6002954912878692 -0.7965093477596684 0.07223698547782206 -8.046335818276003 0.7982252985222221 0.6023069464279825 0.007919285555486323 -72.74005599205462 -0.049816623114832474 0.05290747788420034 0.9973560562032837 -0.7550585093029164
0.5056334787361602 -0.8596949292578965 0.07252181595513052 -7.481896537153098 0.8609685248297788 0.5082011719025645 0.02155848160919781 -71.77508536330998 -0.055389389178826416 0.05153831084853728 0.9971338014936991 -0.7509040151460988
0.5683134464917793 -0.8194763367087925 0.07401594497791296 -6.908582363365908 0.821305587273348 0.570414116797193 0.00921236517181565 -70.8616062143293 -0.049769055146909 0.05555419815654128 0.997214506621804 -0.8105539034228608
0.5627324136004908 -0.8232984314675545 0.07424232907466648 -6.312203514041901 0.8249456368085022 0.5650560055319388 0.013281826790929313 -69.84427942822518 -0.05288598107231461 0.05377177098956382 0.9971517786428826 -0.8157764968997994
0.46735291030551157 -0.88125785099104 0.07046883918174018 -5.6674230976088396 0.8826123773949895 0.46967399044912034 0.020043302242014466 -69.05131019528189 -0.05076069836136683 0.05282937404752244 0.9973125932924006 -0.8387016151482277
0.4915388518018024 -0.8679167251837339 0.07148507057916428 -5.135956874362327 0.8694890913483573 0.4937080913126878 0.015525482233761032 -68.09723934455164 -0.04876758345021611 0.0545241113519985 0.9973208330751451 -0.8354874945591558
0.46260661148938104 -0.8839970680303718 0.06741147320760392 -4.533783676121093 0.885553935220793 0.4643699776627393 0.012439922044580071 -67.09140863716807 -0.04230071892156253 0.0539417051937894 0.9976477041618975 -0.8912046336426526
0.5510245095582027 -0.8325934104146488 0.05621568108852037 -4.070531222848146 0.8336374694830847 0.5522543550051618 0.007981030739906986 -66.10506209295413 -0.03769030830308002 0.04246575457867601 0.99838674888446 -0.9358355895513873
0.6422858183861289 -0.7618723786685105 0.08378189614736091 -3.3069096718365625 0.7628472197858577 0.6460317765836993 0.02659065454434252 -65.26216846085816 -0.07438445244168146 0.04683398622896586 0.9961292742254171 -0.9967135103650079
0.6211848751108507 -0.7807855719741115 0.06710619591793068 -2.6053720727578007 0.7814979405601598 0.6235549257882795 0.020981501981550757 -64.54395891979559 -0.058226453041080074 0.0394099622206418 0.9975252052174031 -0.9966725622659102
0.5673945024029514 -0.819622740190599 0.07925933639238192 -1.9195754788256134 0.8207451520214571 0.5706971631141283 0.026117876000189465 -63.752544688633556 -0.06663988352467431 0.05023257683953574 0.9965118233858933 -1.0105315717140915
0.6287555175812501 -0.7739935759185821 0.07483611125586617 -1.3152467310106966 0.7734208306904973 0.632438993924929 0.04290847954944168 -62.775853009047694 -0.08054016243561578 0.03090086406542474 0.996272261399892 -1.011215274901498
0.5712582482833409 -0.8178962634220203 0.06862737098669953 -0.6771663133384057 0.8178218363408664 0.5742938265603987 0.03679734744064403 -61.80055256573599 -0.06950868846627636 0.03510417432317273 0.9969635094489601 -1.0609310211509362
0.49046954914555513 -0.8693406466760533 0.06071623669017528 -0.022223533657337046 0.8708140022845032 0.491594623702521 0.004207062160445312 -60.8413690732501 -0.033505145667507785 0.05080911319476384 0.9981462013303266 -1.053952478941229
0.5219253068672848 -0.8510612820292843 0.057346911705525 0.6165765762575968 0.8521329063020017 0.5232356549804723 0.009693263354514935 -59.90375719494173 -0.03825551004488865 0.04380803108822264 0.9983072534863097 -1.1064235692866702
0.5404415707825903 -0.8383951199158152 0.07082747681086138 1.2124296169778148 0.8398675701814393 0.5426019702974452 0.014337586507305537 -58.86642962415114 -0.05045169102786584 0.05173707307798094 0.9973855333529519 -1.153756536811423
0.5144355709160565 -0.8550689301514045 0.0649089213128904 2.473600108395939 0.8560123400761664 0.5165523833555007 0.020408549362389127 -57.00942249844541 -0.05097957447444838 0.04506395388205787 0.9976824760648649 -1.2158459713411216
0.5340054153887471 -0.8427260560922062 0.0681983190318274 2.99327491379969 0.8435849673381316 0.536470757278329 0.023738775586361373 -56.11461533136449 -0.05659168858246579 0.04485444201516441 0.9973893220878663 -1.2286393773002298
0.5818087315081187 -0.8116052085981831 0.05287329493433476 3.642701382148028 0.8112028724917089 0.5837565041245381 0.03432555248641761 -55.18545164379518 -0.05872392699839976 0.022920062578395687 0.9980111077183907 -1.2540004545023395
0.5965290335434283 -0.7995295532065237 0.07004002919131098 4.314271469594415 0.8001191355497609 0.5992671362184075 0.026234869462077832 -54.27799196223054 -0.06294824117357715 0.040390506285080424 0.9971991405607947 -1.2873490891647723
0.4756590743112267 -0.8790004311521156 0.033266906375273596 4.880652146625023 0.8792102899361898 0.4762599080945734 0.012875015031817948 -53.04737062578942 -0.027160837536936534 0.023124488667706743 0.9993635709431024 -1.3029980606312828
0.39929871572050923 -0.9158618548326387 0.04192372224017168 5.748386942419809 0.9154485769413637 0.4007849704063907 0.03640481386274073 -51.41307675012308 -0.050144178126519626 0.023842616443413553 0.9984573556447708 -1.4123233020087174
0.5242820138738702 -0.8506833730699369 0.03829058253296295 6.264742225170813 0.8510605242993521 0.5249700373171399 0.01012145733342065 -50.34656528301508 -0.02871156400600231 0.027281105212126833 0.9992153858857129 -1.396613617515555
0.5963920257381748 -0.7995831020251414 0.0705933041567592 7.486364915416633 0.7999053789411347 0.5993412834160762 0.03068241734626819 -48.70327822411277 -0.06684262395325259 0.03816921467653426 0.9970331863453797 -1.4646208152278513
0.5663597367991111 -0.8213221404616593 0.06831244484221329 8.150774953635464 0.8218982487534464 0.5689972104620237 0.026934052469946814 -47.83158811806677 -0.06099112418098359 0.04089151591606897 0.9973003392645697 -1.54756121683317
0.5675845224107547 -0.8203326586736177 0.07001527714169507 8.773239411813245 0.8211652624961654 0.570193302718269 0.023816154283096778 -46.87019843802396 -0.0594594112765919 0.0439764328783694 0.9972615763990585 -1.5179336416037295
0.4845266971728388 -0.8725756309766647 0.06201328851509141 9.48378360593479 0.8736189776119889 0.4863137822583171 0.01699373831132739 -46.06839463037478 -0.044986238817709176 0.0459420658143044 0.9979306413302232 -1.6430406373652193
0.46127147956459214 -0.8853617525343538 0.05799301069602815 9.992274669633494 0.8861247145025926 0.46300069650390985 0.020330897289423264 -45.06565556605761 -0.044851003199379465 0.04201097697259577 0.9981099465118145 -1.5501358102378442
0.5067541239160948 -0.8584485210521983 0.07916056213370821 10.9699728307907 0.8581296451063395 0.5110868911990806 0.04902756198432464 -43.46601060463449 -0.08254556368272711 0.04308510586910885 0.9956555145071755 -1.6577150947050947
0.5049196762743885 -0.8597765330294415 0.07642273066856739 11.5611233243778 0.8588679922619654 0.5092570790714704 0.05479962849778339 -42.50372146738418 -0.0860342511960659 0.03796762657143183 0.9955684642221572 -1.7502810735517926
0.5097893996598377 -0.8570331271515292 0.07489317031166869 12.100991872199335 0.8584447002060309 0.5124722465088386 0.021092492654052532 -41.46038328034664 -0.056457636176513205 0.05353891596824075 0.9969684647943012 -1.7734096087196114
0.5894357613281279 -0.8064901826908982 0.04625006476461975 12.921633967934012 0.8074902152266236 0.5898561086912364 -0.005415104144294853 -40.497331815176324 -0.022913654898153675 0.04053833078499159 0.9989152156996984 -1.8025473623324961
0.6580375946427426 -0.7506082423635062 0.05978118878678682 13.520293829293179 0.751916432092118 0.6592577881169627 0.0009208458010389746 -39.61804708988409 -0.04010240873878533 0.04434450702283349 0.9982110806388843 -1.8467418851679085
0.5542666709392373 -0.8284865687728464 0.07999039222888579 14.145254133475353 0.8302104824662694 0.557158992586441 0.018011434789774506 -38.7353165977311 -0.05948959815849645 0.05642572412524196 0.9966328939824746 -1.9319351066328492
0.548776551800777 -0.8325040980960369 0.07603435307118442 14.776691096468385 0.8326369109488565 0.5524363738310558 0.03911300798890131 -37.93184355209887 -0.07456588173685866 0.041844707212480126 0.99633776891128 -1.8556216391523264
0.612414937668238 -0.7860592245718031 0.08401690059972466 15.478359910666649 0.7882596928583024 0.615252912763994 0.0105123713003255 -37.10073643763673 -0.059954989248128275 0.05978920304701125 0.9964088771499681 -1.9183098184708882
0.6207410604999898 -0.7814539385100275 0.06332675419216076 16.205193434752864 0.7816876005580146 0.6230956105453327 0.026764813711172796 -36.244218869614485 -0.06037409165530177 0.03288771968843926 0.9976338842233117 -1.9526195768786803
0.5018454049181752 -0.8614530688190283 0.07778045888776308 16.796952988180394 0.8635465874852629 0.50413086934674 0.011804991074027755 -35.243382129622454 -0.04938097614537883 0.061242769319964654 0.9969006181164458 -1.976848410978367
0.5241845045998211 -0.849913598901068 0.0536421433247657 17.398976029558266 0.8499227147639664 0.5260672883231765 0.029742008751083522 -34.269041885204345 -0.05349751457488314 0.030001375957352333 0.9981171942086638 -1.9821259341264004
0.5228026155036911 -0.850804189098142 0.05300619808619507 17.998761546358548 0.8508600410077255 0.5246159024078133 0.028554256375671095 -33.31646866451149 -0.05210197538319983 0.030172615960319824 0.9981858531392235 -2.0465835898852642
0.41560722880952805 -0.9075117267698555 0.06077085762484776 18.532088140057873 0.9082377229766662 0.4176627461639111 0.025730702069330397 -32.291495139446006 -0.048732637148268684 0.044500519570173015 0.9978200408062369 -2.0948636234855376
0.5110362601494007 -0.8587822450989775 0.036537601389169436 19.048081949122714 0.8591521994983932 0.5116404983208953 0.009027656119900848 -31.33299540731707 -0.026446907372834866 0.026777900976471463 0.9992915015698406 -2.1196791262323513
0.5183482474964558 -0.8526126014722576 0.06608211655253705 19.650165151536395 0.8534936247578163 0.5206210388263408 0.022413532277319084 -30.442997147891067 -0.05351380023057259 0.04478265001193966 0.9975624228301663 -2.1497884302180124
0.4830617315393101 -0.8729082205458424 0.06842954059275233 20.77136676894202 0.8733237951282731 0.48595449396900653 0.03396731744011564 -28.66916452387126 -0.06290399339464964 0.04335283491097895 0.9970775392717396 -2.128347988097444
0.5422244114529798 -0.8382776997611211 0.05729908993757091 21.32478440856984 0.838780746633708 0.5440353822184452 0.02173388991943716 -27.53040512600612 -0.049391767543482644 0.036276727769117036 0.9981204598250134 -2.132465577431015
0.570549679167654 -0.8202142731767237 0.04149228457034184 21.94000868780405 0.8201473066946935 0.5716795726202488 0.02325643072722127 -26.64484142608616 -0.04279554793582337 0.02076083634897482 0.99886812380362 -2.1546253468283063
0.5064667124816964 -0.8608772219056803 0.04880448700622365 22.5977538912458 0.860969477722499 0.5079932459319835 0.025969607577599117 -25.730361487409432 -0.047148993395721074 0.02886643191399652 0.998470681357407 -2.222122991271206
0.49011193303912975 -0.8710860673599299 0.031612597869509755 23.193739361135282 0.869848430070597 0.49110852218061285 0.04664898868455851 -24.675768802431037 -0.05616050032153488 0.004634942608736675 0.9984109952873359 -2.3075354002355715
0.5117334362848751 -0.8582008921537274 0.04025070054818166 23.76527870662013 0.8578471876771971 0.5129732048575563 0.030930465442530513 -23.709255885381623 -0.047192083895472275 0.018700796900497994 0.9987107626399593 -2.3933593868233634
0.6077702014981782 -0.7931023830107577 0.04004987182901858 24.330839428850243 0.7917754614720132 0.6090768228392348 0.0460113300268947 -22.83097654015006 -0.06088514417856185 0.003746190427671229 0.9981377486477683 -2.372117028828096
0.5105954239942311 -0.8582427391035895 0.05207411806377093 24.952929516731647 0.8589875308058035 0.511830216778386 0.013048030990886873 -21.94052706234318 -0.03785148499465042 0.03806875317840666 0.998557977843621 -2.4209201901539488
0.4070781835285661 -0.9112096020011002 0.0631222125410647 25.841469209544208 0.9121638704130565 0.4091427487618823 0.02364919974638825 -20.17498691993053 -0.04737537343553393 0.0479507284258292 0.9977255642887359 -2.4005439459656635
0.41435145899689196 -0.9073421584215501 0.0710146180590302 26.306983548921863 0.9088877151963605 0.4165842801433433 0.019510476739214928 -19.276084863778582 -0.047286251620168286 0.05646011945059567 0.9972844455416613 -2.4300433678539886
0.20894714469285766 -0.9767635202001573 0.047687695801942556 26.767769702199285 0.9776667371280882 0.20751821194790238 -0.03322563503176075 -18.18813651518042 0.022557522869773697 0.05356507552633537 0.9983095415981146 -2.503205453442
0.28178147021374256 -0.9580173788848939 0.0529330218171977 26.80428219005141 0.9588513360150394 0.28316295137752034 0.02056352084021281 -16.55635498600255 -0.03468888101907392 0.04496047955360716 0.998386316418627 -2.5661494309260764
0.34526023828595914 -0.9369453551229877 0.05411810577044468 27.36110363507505 0.9385008395472072 0.3448922237267249 -0.01629503550232861 -15.386414423280726 -0.0033973560175757905 0.05641591554067905 0.9984015737396438 -2.47548910479569
0.39838438828138256 -0.9144543910824708 0.07115508276754687 27.940447921187232 0.9145824666853868 0.40191961602135223 0.044716147966051514 -13.698663349645626 -0.06948950140374925 0.047262975860990625 0.9964624530344443 -2.5797226360624474
0.31058007205051763 -0.9488440347526745 0.056877205973574985 28.526233366719854 0.9492375491551376 0.3127363842595664 0.033823501211435444 -12.718112167197658 -0.04988079910188283 0.043485074157899914 0.9978080748352557 -2.6338245465609877
0.236098562417851 -0.9701998886530038 0.054494448175238505 28.889545697609904 0.9717287741662067 0.23568010459700878 -0.014074009897110154 -11.749519340667412 0.0008113455891810746 0.056276676828350705 0.9984148823828161 -2.569142204196985
0.40621099442423847 -0.9120717289104653 0.055837168007931384 29.092891599926272 0.9110615217696028 0.40895535148453577 0.05217685351777803 -10.67306531402348 -0.07042394166565258 0.029676283703226527 0.997075617305848 -2.6324560506449584
0.2521197867916014 -0.965997395345725 0.057311825075043676 30.007756799031124 0.9676942188699028 0.25179145095929134 -0.012998614910156145 -8.935428174658576 -0.0018739994464574167 0.058737529817737624 0.998271701851247 -2.707317941954665
-0.02148479278052266 -0.9984410304623235 0.05151613697194311 30.176681430881477 0.9960808276295499 -0.02579914514757226 -0.08460135305351554 -7.743875284644177 0.08579853441644027 0.04949659381198372 0.995082257249622 -2.6977122406396346
-0.4673072318023704 -0.8840929025994915 0.0019211138464665274 29.854037544019878 0.878268416398447 -0.46397731311904344 0.11562716665125404 -6.773538854233487 -0.10133380414338301 0.05572066478460619 0.9932908273279241 -2.7471951814550253
-0.6656571001280879 -0.7438694107318007 0.0596567249066572 28.57710836286716 0.7458528394264913 -0.6657997570031868 0.020352530406278983 -5.0531767571268364 0.024579808146238512 0.058042944033027705 0.9980114476695511 -2.622189681240558
-0.7194287829165144 -0.6876096333852035 0.09805721996431017 27.646287497049695 0.6905564410268781 -0.7232595121359677 -0.00524212372362407 -4.26338824735285 0.0745253518445573 0.06394271014515909 0.9951669717950539 -2.521977878365739
-0.7524474157757205 -0.6555857532395943 0.06348390852581677 26.957558476052917 0.6574679774064693 -0.7533749274209128 0.012730962987185955 -3.5127204567476604 0.039480947018613315 0.05131801713637045 0.9979016564470189 -2.438805353106872
-0.7655965147794281 -0.6415011914677853 0.048354916016941536 26.098094893746755 0.6432592423781986 -0.7643993215412255 0.043717551650800296 -2.838574088492031 0.008917603524490223 0.0645747518208615 0.9978730268800006 -2.441325827242412
-0.6897065859053906 -0.7216849274979319 0.05895498944987562 24.64585188083069 0.7239187288962228 -0.6890204974928908 0.034531550615726284 -1.3064088739289865 0.015700296557939846 0.06649525890583594 0.9976632103225207 -2.261944447041925
-0.6879460730521914 -0.7201610745763518 0.08999015077831563 23.774723871655645 0.7245193864918832 -0.6887207266843363 0.02711861413909569 -0.39581849687033654 0.04244831173904191 0.08385575293582584 0.9955733792795339 -2.3040390243245015
-0.7745712041764529 -0.6244290330909562 0.10063713178411354 23.030582438714028 0.6272129878163054 -0.7788316811065374 -0.00500803547395796 0.45362962212347485 0.08150654927785002 0.05924183604395507 0.9949105926096871 -2.259976418127577
-0.7212637340078548 -0.687312439467041 0.08590830320121297 22.18395543803225 0.69141308601997 -0.7218460748632687 0.029768921459035192 1.1854701306845794 0.041552021435646916 0.08086936848002022 0.9958582101666151 -2.2081975669112923
-0.7592261265573643 -0.6500657429362441 0.03146773924911747 20.817638548972933 0.6505380147867642 -0.756561012629417 0.0664509253994777 2.4599441951153156 -0.019390205517141632 0.07092223931814624 0.9972933650135763 -2.076054555403774
-0.8209995249344559 -0.5685568927119886 0.0519888431020177 19.98134519463206 0.570459223202952 -0.8206087994246157 0.034314326010808874 3.1521087278731508 0.023152855549209768 0.057829560404517234 0.9980579578478085 -2.0146288180507708
-0.8099232220878668 -0.586534227954265 -0.0014049060118806681 19.135594660127087 0.5860049535302104 -0.8092896189654286 0.040601811201563996 3.7749090156830536 -0.024951327837691325 0.0320610678687675 0.999174418790959 -1.9149747778454382
-0.6867066512879666 -0.7264542765369351 0.02642270194483284 18.12517011298605 0.7269232178308179 -0.6864458696707727 0.019357256789785816 4.58427771853966 0.004075592638608891 0.03250003250975757 0.9994634247592596 -1.843866115003244
-0.6323109683121373 -0.7745265254848712 0.01707339077338738 17.497898474972658 0.7744982729100218 -0.6314599388356267 0.037560230365389545 5.397446084753905 -0.01831023242783656 0.03697305729907283 0.9991485016865101 -1.8003221819080943
-0.832075899200563 -0.5542950232855323 -0.020167427462775195 15.971211122542904 0.5530597268258474 -0.831885480466242 0.045732766729883176 6.881495482099594 -0.042126435084091224 0.026899341076354524 0.9987501133500633 -1.607132453843713
-0.9791850052523356 -0.18294574493977184 -0.08790665445468653 14.302221017925806 0.1801073070873857 -0.9828627312067435 0.039270975777948705 7.640869588654748 -0.09358463240678914 0.022620919814500127 0.9953543140831973 -1.4521520602233569
-0.9837432273982556 0.1789433835644946 0.015117143465435048 12.124038224402938 -0.178577730247092 -0.9836610850955568 0.02282244352450873 7.632349633720862 0.018954071010240218 0.01975183908203759 0.999625233797655 -1.2221669884948798
-0.9349366332686037 0.3547443092576243 0.007068721362506334 11.029166743592922 -0.354534460078081 -0.9348044060406165 0.02111963693331173 7.217568204133931 0.014099942890423817 0.017239416938587115 0.999751966296693 -1.0862780846494793
-0.72093312019319 0.6895393592404226 -0.06921638727077754 9.730796387376508 -0.6841352995728482 -0.7240759099410751 -0.08759548231143649 6.544684209506353 -0.11051845134130586 -0.015797110536767633 0.993748521111759 -0.8889718725733705
-0.7084927083860907 0.7051736660074839 -0.0277161132431462 8.138569339924942 -0.703120658812589 -0.708706907405772 -0.05792977253793786 5.05219784887638 -0.060493150973415614 -0.021555049638348527 0.9979358489003167 -0.5539365329574134
-0.6245841426507296 0.7809083926297852 0.008759627253437008 7.318772151298285 -0.7804130754225385 -0.6236906942118512 -0.044332264357628895 4.184047847517588 -0.029156139298421528 -0.034525356969984995 0.9989784378390287 -0.4220218421333161
-0.6304607418564896 0.7761951363456782 0.006353211084077204 6.751067416989555 -0.7755182537428746 -0.6295205132971472 -0.04770074894273565 3.356402387557035 -0.03302561262666425 -0.03500048073113076 0.9988414665297104 -0.316626196245162
-0.7606128520567612 0.649133239808782 -0.009701868966048102 5.8416980689213425 -0.6486051013545582 -0.7604669748221065 -0.031644947491780644 2.5861470640634767 -0.027919738231649487 -0.017776872060857422 0.999452085413207 -0.19889889546164347
-0.8283551301191321 0.559930314830663 -0.017487736816162086 4.283826233919233 -0.5592060626378426 -0.8283393489556613 -0.03380092425944607 1.4032610772638887 -0.03341194269116668 -0.018219920563667537 0.9992755758949856 0.06798642598874312
-0.8906386402802694 0.4540371285576799 -0.02476082249864213 3.22691236439525 -0.45354092520248784 -0.890932485931099 -0.023236494552810846 0.7078369193230901 -0.032610452406918324 -0.009465273568586606 0.999423317213526 0.21448585501427228
-0.9905365736487395 0.1252442699301775 -0.056135275129569964 1.2309793820409451 -0.12597062780103155 -0.991987720740929 0.009579291760390672 0.1432427329753483 -0.05448575222596877 0.01656003468817453 0.9983772173159282 0.4850174672853587
-0.9885071384339648 -0.13937398382394608 -0.058553649742237535 -0.6480114973422655 0.1378919940586063 -0.9900327991381529 0.028650560294972306 0.31914391834735606 -0.061963176481160884 0.02024720384934651 0.9978730457811994 0.8177450733567596
-0.9509420113836564 -0.3092108309850743 0.009897120143019009 -1.819800197069912 0.3093641030742724 -0.9502563458100822 0.03614870643218066 0.5773168044639424 -0.0017727703337814852 0.03743713729959857 0.9992974122032712 0.9888876405500799
