0 0.058154782 -0.003528600 0.998301342
1 0.095000406 -0.006493870 0.995456053
2 0.097970615 -0.019002690 0.995007868
3 0.075375621 0.010837463 0.997096317
4 0.040779564 0.004247942 0.999159138
5 -0.013926138 0.019068469 0.999721189
6 -0.015561240 -0.019998410 0.999678904
7 0.022144918 -0.019092488 0.999572448
8 0.067435197 -0.032041571 0.997209021
9 0.156838014 0.013483016 0.987532301
10 0.056065435 -0.001408495 0.998426103
11 -0.011055499 -0.018642121 0.999765096
12 0.022010890 -0.025553770 0.999431101
13 0.057927964 -0.020520125 0.998109851
14 0.031545422 -0.008036954 0.999470006
15 0.061346426 -0.001979363 0.998114572
16 0.087484297 -0.015829714 0.996040119
17 0.042748282 -0.038046070 0.998361198
18 -0.089882569 -0.025550731 0.995624570
19 0.049668477 -0.002833674 0.998761740
20 0.156876301 -0.028532023 0.987206032
21 0.107056749 -0.006586160 0.994231097
22 -0.040638082 -0.030575717 0.998705999
23 -0.064139859 -0.035239472 0.997318534
24 -0.053319349 -0.030597820 0.998108622
25 -0.047848120 -0.027530695 0.998475147
26 0.016763021 -0.014890222 0.999748610
27 0.030145762 -0.031812248 0.999039145
28 -0.019322703 -0.023540599 0.999536129
29 -0.042468373 -0.012420458 0.999020605
30 -0.027080520 -0.021575433 0.999400393
31 -0.000361368 0.001477067 0.999998844
32 -0.010538202 -0.016228233 0.999812778
33 -0.030511776 -0.005716857 0.999518058
34 -0.031141135 -0.036433036 0.998850771
35 0.002202429 -0.013974604 0.999899925
36 -0.020160148 -0.025050140 0.999482896
37 0.048215820 -0.003761825 0.998829857
38 -0.096558489 0.012387299 0.995250226
39 -0.077987931 -0.033563837 0.996389157
40 -0.006155281 -0.019159379 0.999797495
41 0.013859694 -0.037482003 0.999201185
42 -0.008600298 -0.005977454 0.999945151
43 -0.048316890 -0.022484145 0.998578961
44 -0.049148826 -0.013331644 0.998702488
45 -0.034081005 -0.010420924 0.999364743
46 -0.011418682 -0.009759476 0.999887177
47 -0.013581257 -0.002780689 0.999903904
48 -0.038558945 0.029631305 0.998816897
49 -0.033195116 -0.023611080 0.999169956
50 -0.044415261 -0.002652667 0.999009634
51 -0.034603133 -0.009430060 0.999356642
52 -0.023952940 -0.014147579 0.999612976
53 -0.037620979 -0.014417964 0.999188062
54 -0.025551906 -0.046253242 0.998602893
55 -0.031777019 -0.032470542 0.998967409
56 -0.033519526 -0.065638610 0.997280309
57 -0.027512110 -0.034920038 0.999011349
58 -0.028455504 -0.052426797 0.998219272
59 -0.033563162 -0.024244645 0.999142488
60 -0.037517668 -0.057625707 0.997633050
61 -0.020961261 -0.006944031 0.999756173
62 -0.023611204 -0.020304401 0.999515004
63 0.010866891 -0.010868030 0.999881891
64 -0.055636382 -0.005270158 0.998437188
65 -0.030496908 -0.026077054 0.999194639
66 -0.035554966 0.003291101 0.999362303
67 -0.024754818 -0.010407601 0.999639375
68 -0.000751979 0.001758240 0.999998172
69 -0.030248012 -0.018024314 0.999379899
70 -0.045858696 -0.005316985 0.998933786
71 -0.023124288 -0.002826937 0.999728601
72 0.031865785 -0.028988016 0.999071702
73 -0.009320549 -0.008304953 0.999922075
74 -0.078018390 -0.018575094 0.996778860
75 -0.007606701 -0.016560732 0.999833926
76 -0.046664221 -0.020650565 0.998697154
77 -0.034287455 -0.016491137 0.999275944
78 -0.012691547 -0.016506142 0.999783212
79 -0.026547201 -0.015672907 0.999524690
80 -0.027457257 -0.020208137 0.999418696
81 -0.025819694 -0.008210615 0.999632897
82 -0.024445700 -0.027634219 0.999319147
83 -0.027287696 -0.005756345 0.999611047
84 -0.027377989 -0.028058228 0.999231295
85 -0.026250331 -0.004321019 0.999646062
86 -0.018143930 -0.019516047 0.999644898
87 0.024466552 -0.024600349 0.999397924
88 -0.035169418 -0.015721017 0.999257705
89 -0.057999746 -0.034284912 0.997727706
90 -0.051927551 -0.011528739 0.998584307
91 -0.019652813 -0.021574083 0.999574072
92 0.000599584 -0.017287357 0.999850383
93 0.003409267 -0.010702558 0.999936914
94 -0.050887728 -0.023033181 0.998438737
95 -0.042768232 -0.010861407 0.999025980
96 0.014488864 -0.020071578 0.999693555
97 -0.050567745 -0.010859624 0.998661590
98 -0.035571017 -0.012909660 0.999283765
99 0.022346920 -0.023096939 0.999483440
100 -0.022416440 -0.011593557 0.999681496
101 -0.059927425 0.017144242 0.998055499
102 -0.035173577 0.006566911 0.999359643
103 -0.020739382 0.041903757 0.998906379
104 0.014428245 0.029453475 0.999462015
105 -0.003720264 0.003809259 0.999985824
106 -0.054785044 0.004675011 0.998487227
107 -0.034454626 0.015610000 0.999284347
108 -0.030001878 -0.038327401 0.998814746
109 -0.004646607 0.002106909 0.999986985
110 -0.015902800 -0.031959509 0.999362642
111 -0.031148872 -0.021218391 0.999289511
112 -0.030417807 -0.008767538 0.999498818
113 -0.016093133 -0.030470801 0.999406094
114 -0.011013149 -0.019036784 0.999758126
115 -0.016850796 -0.020468475 0.999648484
116 -0.021470024 -0.022239025 0.999522118
117 0.014346012 -0.003240405 0.999891840
118 -0.051194979 -0.025591777 0.998360724
119 -0.052538821 0.018702506 0.998443733
120 -0.038955554 0.008040522 0.999208594
121 -0.022955825 0.027760529 0.999350981
122 0.006327435 0.021908589 0.999739955
123 -0.028633352 0.022463768 0.999337536
124 -0.035331946 0.030891862 0.998898066
125 -0.019371357 0.009717654 0.999765131
126 -0.006113494 0.010644022 0.999924662
127 -0.021847244 0.001952765 0.999759413
128 -0.031759476 0.013747772 0.999400988
129 -0.023635830 0.000858377 0.999720266
130 -0.022021697 0.003061754 0.999752805
131 -0.030267016 0.004755889 0.999530534
132 -0.029587576 0.003518186 0.999556000
133 -0.022026776 -0.000695671 0.999757139
134 -0.011030416 -0.005529769 0.999923873
135 -0.032503321 -0.011792003 0.999402063
136 -0.026596019 -0.010393911 0.999592226
137 -0.032903613 0.005811826 0.999441632
138 -0.038972313 -0.031820633 0.998733501
139 -0.034835786 -0.005098112 0.999380046
140 -0.009589040 -0.005071461 0.999941164
141 -0.017719677 -0.001474941 0.999841906
142 -0.018695936 -0.005988841 0.999807279
143 -0.039241834 -0.020435625 0.999020752
144 -0.022348432 0.007423508 0.999722681
145 -0.031348116 -0.020311128 0.999302133
146 -0.024851230 -0.023767302 0.999408591
147 -0.030439603 -0.022501605 0.999283297
148 -0.011885621 -0.022138142 0.999684267
149 -0.032273978 -0.007028047 0.999454350
150 -0.030109642 -0.024121099 0.999255514
151 0.003841848 -0.021742821 0.999756215
152 -0.030985764 -0.037154441 0.998829029
153 -0.032313725 -0.007326646 0.999450921
154 -0.029677086 -0.017397620 0.999408122
155 -0.029856638 -0.011117149 0.999492366
156 -0.021167879 0.001624889 0.999774615
157 -0.029366972 -0.008410088 0.999533317
158 -0.037892089 -0.015148164 0.999167014
159 -0.059518262 -0.011909723 0.998156168
160 -0.072139070 -0.004257826 0.997385495
161 -0.024212849 -0.000222983 0.999706801
162 0.019508534 -0.014548929 0.999703829
163 -0.003744245 0.001621265 0.999991676
164 -0.030612567 -0.000352199 0.999531263
165 -0.045431203 -0.000023032 0.998967470
166 -0.026325990 -0.002529395 0.999650211
167 -0.023359867 0.003658721 0.999720426
168 -0.018339843 -0.006507379 0.999810634
169 -0.025020064 -0.022401279 0.999435930
170 -0.027345561 -0.014991477 0.999513620
171 -0.034092438 -0.016352743 0.999284891
172 0.007393179 -0.001906289 0.999970853
173 -0.030408038 -0.026840318 0.999177136
174 -0.051398136 -0.023446491 0.998402972
175 -0.039056800 -0.000526937 0.999236853
176 -0.007856979 -0.028616039 0.999559598
177 -0.011897262 -0.008074237 0.999896626
178 -0.025938188 -0.047672144 0.998526203
179 -0.033977434 -0.015589930 0.999301000
180 -0.014920388 -0.054024990 0.998428106
181 -0.021811072 -0.041195708 0.998913005
182 -0.014970007 -0.019494487 0.999697886
183 -0.054441164 -0.012099621 0.998443668
184 -0.027831679 0.009731199 0.999565256
185 -0.016800531 -0.013848660 0.999762950
186 0.027507691 0.005979024 0.999603711
187 -0.114463941 0.011593038 0.993359757
188 -0.028515092 -0.005623556 0.999577543
189 0.006121712 -0.012639154 0.999901383
190 -0.046207487 -0.002251993 0.998929325
191 -0.040006601 -0.016903023 0.999056435
192 -0.028627927 0.003889557 0.999582569
193 0.010453771 -0.005811819 0.999928468
194 -0.018885448 -0.019985256 0.999621893
195 -0.032993657 -0.019907525 0.999257279
196 -0.010231617 -0.017906052 0.999787321
197 0.078216414 0.003260315 0.996931072
198 -0.033363948 0.023377698 0.999169821
199 -0.130628774 0.015679886 0.991307351
200 -0.098771665 0.028072524 0.994714075
201 -0.005270044 0.023219434 0.999716502
202 0.028328555 0.025931661 0.999262249
203 -0.000106227 0.024636183 0.999696478
204 -0.029416713 0.034903101 0.998957672
205 -0.045853101 0.025623535 0.998619511
206 -0.024342690 0.036505325 0.999036934
207 -0.002228960 0.029925554 0.999549645
208 0.031279404 0.036619990 0.998839614
209 -0.008267518 0.039849707 0.999171481
210 -0.057972123 0.028977238 0.997897566
211 -0.061589581 0.046803232 0.997003601
212 -0.035840245 0.021422621 0.999127894
213 -0.071157542 0.009205827 0.997422607
214 -0.024183496 -0.015192996 0.999592082
215 -0.042874033 -0.014773107 0.998971257
216 -0.044933439 -0.021550599 0.998757507
217 -0.089342536 0.000428896 0.996000867
218 -0.042572508 0.001735712 0.999091872
219 -0.160279071 0.026203697 0.986723865
220 -0.097699449 0.020004441 0.995014894
221 -0.032989043 0.048344216 0.998285811
222 -0.040616222 0.045690689 0.998129593
223 0.003607564 0.045566868 0.998954777
224 -0.148981693 0.033616275 0.988268385
225 -0.154391625 0.031183066 0.987517515
226 -0.099896204 0.041376528 0.994137179
227 -0.060133886 0.024079637 0.997899838
228 -0.076487413 0.023623728 0.996790648
229 -0.068954430 0.027160080 0.997250027
230 -0.083580883 0.012602926 0.996421298
231 -0.080917081 0.024734182 0.996413893
232 -0.076797179 0.017748539 0.996888751
233 -0.090879168 0.019111274 0.995678530
234 -0.110197165 0.014473667 0.993804356
235 -0.088015700 0.011762447 0.996049638
236 -0.108569413 0.003171392 0.994083812
237 -0.050262059 0.011039293 0.998675052
